Codes/Calculating the total magnetization direction using VG-TG method/Correlation.grd
DSAA
181 91 
-90 90
0 90
-4.271362e-06 3.821388e-02
[rows 0 to 24 of 91, columns 0 to 56 of 181]
0 1.50682e-06 3.36006e-12 2.7073e-15 9.64599e-13 2.58413e-18 -3.61495e-11 -3.02311e-17 9.38263e-07 -3.10446e-07 2.63837e-18 -7.68132e-11 1.15655e-06 2.46871e-08 0.0382139 3.24618e-05 0.000329447 2.27249e-07 2.57369e-10 1.78774e-07 4.277e-06 0.000199551 5.08833e-05 0.000292548 0.000738396 1.44565e-07 3.95981e-06 7.92005e-08 4.73163e-06 0.00276088 1.17088e-05 0.000239358 0.000946429 3.67527e-07 6.87162e-05 7.11749e-09 6.96786e-05 1.12039e-08 6.5849e-09 8.21006e-07 4.9616e-09 3.74203e-10 1.49077e-13 -1.01754e-12 1.36073e-18 0.000528835 9.69838e-10 -2.35169e-12 2.23312e-09 -9.16423e-14 -1.2184e-12 -2.67527e-13 -6.1461e-08 0.000920757 -9.01174e-20 9.56649e-26 -1.30417e-12
7.95113e-05 0.000103703 3.15788e-06 3.49815e-08 7.03799e-11 5.31838e-14 2.39959e-16 2.96356e-12 4.54953e-10 9.03779e-09 2.33659e-07 2.33703e-06 9.90586e-06 8.71745e-06 3.27007e-05 1.5906e-05 6.80705e-06 3.6249e-06 1.41564e-05 2.3237e-05 1.75133e-05 2.18035e-05 3.149e-05 2.15497e-05 2.56227e-05 4.14971e-05 0.000219686 0.000258165 8.84278e-05 0.000100729 9.85374e-05 6.8428e-05 5.38028e-05 4.54386e-05 4.81812e-05 1.9307e-05 1.38665e-05 5.23475e-06 3.21272e-06 3.39279e-06 1.34431e-06 3.71863e-07 1.54338e-07 2.30379e-07 2.4392e-06 5.21982e-05 2.79598e-06 2.88805e-08 3.43387e-09 1.24841e-09 2.27492e-09 5.5147e-09 2.86726e-09 3.00141e-09 1.29978e-10 1.67988e-10 1.41326e-11
2.70596e-05 6.8146e-05 1.425e-05 8.25626e-07 2.47535e-08 9.57137e-10 2.22058e-10 1.03322e-09 1.37015e-08 1.63661e-07 1.47061e-06 8.28457e-06 2.54451e-05 4.58261e-05 6.49703e-05 5.5107e-05 3.89404e-05 3.51602e-05 4.69449e-05 5.68129e-05 5.50039e-05 5.57931e-05 5.73106e-05 5.58617e-05 6.42249e-05 9.74067e-05 0.000176054 0.000220819 0.000187281 0.00017672 0.000172473 0.000155126 0.000138228 0.000125998 0.00010372 7.07818e-05 4.67276e-05 2.87383e-05 1.92099e-05 1.35021e-05 8.07606e-06 4.66375e-06 3.49241e-06 4.58945e-06 1.00144e-05 1.4962e-05 5.12317e-06 7.94841e-07 1.77215e-07 7.84033e-08 5.59985e-08 4.79163e-08 3.40697e-08 1.84312e-08 7.29255e-09 3.16353e-09 1.05875e-09
1.07898e-05 2.46723e-05 1.23187e-05 2.24404e-06 2.63973e-07 4.09745e-08 1.84983e-08 3.38372e-08 1.51697e-07 8.73805e-07 4.50106e-06 1.72309e-05 4.51917e-05 8.2922e-05 0.000112905 0.000117996 0.000109706 0.000107724 0.000115806 0.000122199 0.000120586 0.000117021 0.000114184 0.000114743 0.000126763 0.000158466 0.000206784 0.000241608 0.000247013 0.000245599 0.000244096 0.000237171 0.000225843 0.00020928 0.000181667 0.000145464 0.000110377 8.12597e-05 5.99533e-05 4.41799e-05 3.18825e-05 2.37767e-05 2.03286e-05 2.11621e-05 2.39479e-05 2.13952e-05 1.1671e-05 4.56082e-06 1.81459e-06 9.02673e-07 5.53813e-07 3.74944e-07 2.48939e-07 1.49876e-07 8.16451e-08 4.29183e-08 2.2361e-08
5.19281e-06 1.01627e-05 7.65735e-06 2.91334e-06 8.36454e-07 2.94489e-07 1.96877e-07 2.92936e-07 7.96402e-07 2.81028e-06 9.79283e-06 2.86742e-05 6.56507e-05 0.000116427 0.000163972 0.000192426 0.00020382 0.000210869 0.000218582 0.000222254 0.00021876 0.000211457 0.000204896 0.000203805 0.000213682 0.000237097 0.000268474 0.000294143 0.000306449 0.000310782 0.000312223 0.000310129 0.000302616 0.000287547 0.000262433 0.00022872 0.000191922 0.000156886 0.000126345 0.000100867 8.05684e-05 6.61935e-05 5.76902e-05 5.32636e-05 4.86222e-05 3.90641e-05 2.55989e-05 1.43419e-05 7.76395e-06 4.47812e-06 2.81428e-06 1.8618e-06 1.2395e-06 8.03507e-07 5.05787e-07 3.17341e-07 2.06583e-07
3.02136e-06 5.29119e-06 5.05145e-06 3.11177e-06 1.61899e-06 9.67701e-07 8.54371e-07 1.22194e-06 2.58484e-06 6.69901e-06 1.77775e-05 4.27389e-05 8.73212e-05 0.000148734 0.000213485 0.000266562 0.000302942 0.000326932 0.00034242 0.000348949 0.000346302 0.000337777 0.000328501 0.000323627 0.000327196 0.000339888 0.000357618 0.000373294 0.000382344 0.000385851 0.000386498 0.000384459 0.000377886 0.000364605 0.000343272 0.000314284 0.000280392 0.000244855 0.000210335 0.000178743 0.000151749 0.000130419 0.000114213 0.000100803 8.64579e-05 6.89139e-05 4.97691e-05 3.30868e-05 2.12389e-05 1.37807e-05 9.22094e-06 6.32365e-06 4.37765e-06 3.02642e-06 2.09412e-06 1.47374e-06 1.08339e-06
2.11462e-06 3.47471e-06 3.88237e-06 3.29957e-06 2.53919e-06 2.14246e-06 2.29695e-06 3.30923e-06 6.12113e-06 1.30635e-05 2.87186e-05 5.96268e-05 0.000111007 0.000181438 0.000260854 0.000335819 0.000397326 0.00044311 0.000473953 0.000490489 0.000494127 0.000488554 0.000479022 0.000470593 0.000466868 0.000468674 0.000473883 0.000478737 0.000480368 0.000478678 0.000474991 0.00046957 0.000461042 0.00044766 0.000428414 0.000403134 0.000372827 0.000339206 0.000304255 0.000269974 0.000238299 0.000210352 0.000185626 0.00016224 0.000137877 0.000111941 8.60225e-05 6.29535e-05 4.47905e-05 3.16863e-05 2.25949e-05 1.62864e-05 1.18381e-05 8.66821e-06 6.42344e-06 4.87234e-06 3.84564e-06
1.74621e-06 2.78075e-06 3.46624e-06 3.64602e-06 3.62133e-06 3.82028e-06 4.66898e-06 6.83857e-06 1.17184e-05 2.20787e-05 4.2602e-05 7.93271e-05 0.000137008 0.000215252 0.000306711 0.000399825 0.000484022 0.000552872 0.00060375 0.00063624 0.00065183 0.000654112 0.000648029 0.000638461 0.000629119 0.000621675 0.000615764 0.000609745 0.000602136 0.000592742 0.000582251 0.000570998 0.000558117 0.000542293 0.00052267 0.000498814 0.000470768 0.000439057 0.000404767 0.000369526 0.000334632 0.000300962 0.000268359 0.000235793 0.00020232 0.000168227 0.000135086 0.000105107 8.00348e-05 6.03492e-05 4.54737e-05 3.4409e-05 2.62105e-05 2.01559e-05 1.57292e-05 1.25598e-05 1.03684e-05
1.6503e-06 2.5926e-06 3.48451e-06 4.21819e-06 4.93948e-06 6.00736e-06 7.98942e-06 1.18569e-05 1.93755e-05 3.36077e-05 5.91747e-05 0.000101601 0.000165235 0.000250376 0.000351688 0.00045947 0.000563044 0.000653813 0.000726417 0.00077854 0.000810561 0.00082523 0.000826795 0.000819823 0.000808231 0.000794539 0.000779774 0.000763931 0.00074681 0.000728639 0.00070999 0.00069136 0.000672337 0.000652018 0.000629672 0.000604797 0.000576948 0.000545872 0.000511794 0.000475608 0.00043807 0.000399577 0.000360266 0.000319938 0.000278605 0.000237052 0.00019686 0.000159928 0.000127791 0.000101121 7.97367e-05 6.29574e-05 4.99663e-05 4.00179e-05 3.25024e-05 2.69341e-05 2.29265e-05
1.72983e-06 2.70379e-06 3.82525e-06 5.07085e-06 6.58405e-06 8.741e-06 1.22361e-05 1.82774e-05 2.89075e-05 4.73444e-05 7.80522e-05 0.000126073 0.000195384 0.00028671 0.000396164 0.00051571 0.000635347 0.000745652 0.00083947 0.000912586 0.000963743 0.000994298 0.00100745 0.00100719 0.000997437 0.00098128 0.000960807 0.000937319 0.000911747 0.000884971 0.000857843 0.000831135 0.000804912 0.000778615 0.000751669 0.000723602 0.000693793 0.00066155 0.000626461 0.000588596 0.000548182 0.000505397 0.000460478 0.000413732 0.000365744 0.00031761 0.000270908 0.000227352 0.000188354 0.000154716 0.000126574 0.000103569 8.50834e-05 7.04496e-05 5.90447e-05 5.03196e-05 4.3804e-05
1.95883e-06 3.05573e-06 4.46712e-06 6.26075e-06 8.64829e-06 1.20849e-05 1.73991e-05 2.599e-05 4.00833e-05 6.29455e-05 9.88245e-05 0.000152318 0.000227047 0.000323973 0.000440248 0.000569255 0.000701984 0.000829011 0.000942229 0.00103593 0.0011072 0.00115583 0.00118367 0.00119388 0.00119003 0.00117546 0.001153 0.00112489 0.001093 0.00105891 0.00102399 0.000989357 0.000955557 0.000922429 0.000889595 0.000856641 0.000822965 0.000787712 0.000750057 0.000709473 0.000665717 0.000618807 0.000569005 0.000516853 0.000463221 0.000409358 0.000356797 0.00030712 0.000261683 0.000221387 0.000186603 0.000157242 0.000132911 0.000113081 9.71814e-05 8.46564e-05 7.49876e-05
2.3448e-06 3.64637e-06 5.42795e-06 7.85056e-06 1.12243e-05 1.61169e-05 2.3496e-05 3.49141e-05 5.2706e-05 8.01073e-05 0.000121116 0.000179914 0.000259789 0.000361814 0.000483883 0.000620545 0.000763847 0.000904819 0.00103503 0.0011478 0.00123883 0.00130638 0.00135092 0.00137454 0.00138017 0.00137109 0.00135047 0.00132122 0.00128586 0.00124664 0.00120544 0.00116382 0.00112277 0.0010826 0.00104319 0.00100426 0.000965284 0.00092547 0.000883817 0.000839442 0.000791786 0.00074068 0.000686364 0.000629456 0.000570915 0.000512002 0.000454175 0.000398926 0.00034758 0.0003011 0.000260014 0.000224447 0.000194215 0.000168947 0.000148171 0.000131368 0.000118012
2.91193e-06 4.50141e-06 6.74887e-06 9.90879e-06 1.44012e-05 2.09182e-05 3.05615e-05 4.50028e-05 6.66288e-05 9.85896e-05 0.000144618 0.00020851 0.000293243 0.000399918 0.000526957 0.000669845 0.000821633 0.000974026 0.00111869 0.00124843 0.00135794 0.00144419 0.00150635 0.00154532 0.00156327 0.00156307 0.00154793 0.00152104 0.0014854 0.00144372 0.00139839 0.00135135 0.00130404 0.00125724 0.0012112 0.00116583 0.00112074 0.0010753 0.00102857 0.000979515 0.000927395 0.000871902 0.000813197 0.000751873 0.000688873 0.000625399 0.000562817 0.000502534 0.000445831 0.000393696 0.000346758 0.0003053 0.000269317 0.000238592 0.000212762 0.000191376 0.000173936
3.69658e-06 5.66377e-06 8.4856e-06 1.25088e-05 1.82642e-05 2.65665e-05 3.86368e-05 5.62339e-05 8.17533e-05 0.000118224 0.000169112 0.000237857 0.000327143 0.000438047 0.000569363 0.00071733 0.000875892 0.0010375 0.00119419 0.00133859 0.00146478 0.00156875 0.0016485 0.00170384 0.00173604 0.0017474 0.00174085 0.00171958 0.0016868 0.00164555 0.00159857 0.00154817 0.00149616 0.00144377 0.00139164 0.00133996 0.00128856 0.00123701 0.00118456 0.00113022 0.00107319 0.00101308 0.000949989 0.00088441 0.00081722 0.000749539 0.000682631 0.000617794 0.00055624 0.000498965 0.000446656 0.000399705 0.000358243 0.000322189 0.000291291 0.000265182 0.00024341
4.74479e-06 7.1878e-06 1.0703e-05 1.57264e-05 2.28943e-05 3.31329e-05 4.7763e-05 6.86005e-05 9.80164e-05 0.000138899 0.000194453 0.000267789 0.000361316 0.00047605 0.000611049 0.000763141 0.000927069 0.00109602 0.00126253 0.00141932 0.00156017 0.00168036 0.00177699 0.00184888 0.00189642 0.00192119 0.00192567 0.00191281 0.00188581 0.00184781 0.00180179 0.00175034 0.00169559 0.00163915 0.00158201 0.00152471 0.00146735 0.00140974 0.0013514 0.00129152 0.00122935 0.0011645 0.00109698 0.00102724 0.000956055 0.00088444 0.000813545 0.000744559 0.00067861 0.00061667 0.000559457 0.000507435 0.000460831 0.000419673 0.000383813 0.000352967 0.000326751
6.11041e-06 9.13558e-06 1.34709e-05 1.96368e-05 2.83658e-05 4.06802e-05 5.79777e-05 8.21039e-05 0.00011538 0.000160543 0.000220545 0.000298195 0.000395646 0.000513832 0.000651996 0.000807432 0.000975548 0.00115026 0.00132464 0.00149172 0.00164516 0.00177984 0.00189217 0.00198016 0.00204336 0.00208264 0.00209986 0.00209761 0.00207886 0.00204672 0.00200421 0.0019541 0.00189878 0.00184012 0.00177948 0.00171773 0.00165526 0.00159216 0.0015282 0.00146289 0.00139561 0.00132603 0.00125415 0.00118036 0.00110535 0.00103003 0.000955437 0.000882649 0.000812705 0.000746532 0.000684853 0.000628172 0.000576787 0.000530808 0.000490173 0.000454681 0.000424005
7.85338e-06 1.15741e-05 1.68612e-05 2.43129e-05 3.4746e-05 4.92617e-05 6.93119e-05 9.67472e-05 0.00013382 0.000183108 0.000247325 0.000329003 0.000430058 0.000551333 0.000692197 0.000850315 0.00102166 0.00120079 0.00138138 0.00155682 0.00172088 0.00186824 0.00199481 0.00209799 0.0021766 0.00223079 0.00226181 0.00227174 0.00226321 0.00223912 0.00220245 0.00215601 0.00210232 0.00204347 0.00198111 0.0019164 0.00185006 0.00178245 0.0017136 0.00164331 0.00157124 0.00149716 0.00142112 0.00134349 0.00126487 0.00118608 0.00110806 0.00103179 0.000958209 0.000888198 0.000822457 0.000761513 0.000705712 0.000655221 0.000610049 0.000570054 0.000534976
1.0038e-05 1.4573e-05 2.09452e-05 2.98231e-05 4.20945e-05 5.89213e-05 8.17881e-05 0.000112529 0.000153313 0.000206557 0.000274749 0.000360165 0.000464508 0.000588523 0.000731665 0.000891899 0.00106567 0.00124812 0.00143349 0.00161561 0.00178847 0.00194669 0.00208593 0.00220309 0.00229641 0.00236538 0.00241065 0.00243374 0.00243685 0.00242259 0.00239374 0.00235306 0.00230311 0.00224612 0.00218394 0.00211799 0.00204928 0.00197844 0.00190576 0.00183133 0.00175508 0.00167698 0.00159717 0.00151602 0.00143409 0.00135213 0.00127099 0.00119154 0.00111468 0.0010412 0.000971785 0.000906961 0.0008471 0.000792416 0.000742961 0.000698653 0.000659297
1.27313e-05 1.82022e-05 2.57921e-05 3.62303e-05 5.04626e-05 6.96936e-05 9.54209e-05 0.000129445 0.000173838 0.000230859 0.000302782 0.00039165 0.000498969 0.00062539 0.000770428 0.000932284 0.00110781 0.00129266 0.0014816 0.00166894 0.00184894 0.00201633 0.00216662 0.0022964 0.00240342 0.00248664 0.00254611 0.00258282 0.00259849 0.00259535 0.00257593 0.00254281 0.00249852 0.00244534 0.00238524 0.00231986 0.00225042 0.00217781 0.0021026 0.00202513 0.00194562 0.00186423 0.00178124 0.00169705 0.00161224 0.00152749 0.00144358 0.00136132 0.00128153 0.00120495 0.00113224 0.00106391 0.00100034 0.000941777 0.000888317 0.000839927 0.000796473
1.60017e-05 2.25308e-05 3.14672e-05 4.35914e-05 5.98934e-05 8.16044e-05 0.000110217 0.000147483 0.000195372 0.000255984 0.000331395 0.000423434 0.00053343 0.000661941 0.000808522 0.00097157 0.00114828 0.00133476 0.00152627 0.00171755 0.00190324 0.00207821 0.00223799 0.00237894 0.00249849 0.00259512 0.00266838 0.00271873 0.00274742 0.00275626 0.00274745 0.00272337 0.0026864 0.00263879 0.00258259 0.00251955 0.00245109 0.0023783 0.002302 0.0022228 0.00214114 0.0020574 0.001972 0.00188543 0.00179828 0.00171122 0.00162498 0.00154033 0.001458 0.00137871 0.00130308 0.00123162 0.0011647 0.00110259 0.00104543 0.000993221 0.000945891
1.99172e-05 2.76252e-05 3.80309e-05 5.19561e-05 7.04217e-05 9.467e-05 0.000126174 0.000166625 0.000217886 0.000281901 0.000360559 0.000455497 0.00056788 0.000698181 0.000845983 0.00100984 0.00118725 0.00137471 0.00156793 0.00176209 0.00195217 0.0021333 0.00230107 0.00245177 0.00258257 0.00269158 0.00277793 0.00284161 0.00288339 0.00290468 0.00290731 0.00289338 0.00286509 0.0028246 0.00277394 0.00271492 0.0026491 0.00257775 0.0025019 0.00242237 0.00233982 0.00225482 0.00216795 0.00207979 0.00199098 0.00190219 0.00181415 0.00172757 0.00164316 0.00156159 0.00148345 0.00140924 0.00133934 0.00127404 0.0012135 0.00115777 0.00110682
2.45446e-05 3.35482e-05 4.55378e-05 6.13662e-05 8.20731e-05 0.000108898 0.000143283 0.000186849 0.000241347 0.000308576 0.000390246 0.000487817 0.000602311 0.00073412 0.000882847 0.00104718 0.00122487 0.00141276 0.00160696 0.00180308 0.00199645 0.00218247 0.00235686 0.00251591 0.00265664 0.0027769 0.00287545 0.00295187 0.00300653 0.00304038 0.00305492 0.00305192 0.00303336 0.00300126 0.00295758 0.00290413 0.00284252 0.00277418 0.00270031 0.0026219 0.00253979 0.00245473 0.00236744 0.00227861 0.00218892 0.0020991 0.00200987 0.00192191 0.00183592 0.00175253 0.00167232 0.00159579 0.00152331 0.0014552 0.00139163 0.00133269 0.0012784
2.99475e-05 4.03579e-05 5.40359e-05 7.18561e-05 9.48654e-05 0.00012429 0.000161528 0.000208125 0.000265722 0.000335971 0.000420422 0.000520373 0.000636715 0.000769768 0.000919146 0.00108366 0.00126126 0.00144911 0.00164369 0.00184097 0.00203666 0.00222644 0.00240621 0.0025723 0.00272166 0.00285199 0.00296173 0.00305014 0.00311718 0.00316345 0.00319005 0.00319846 0.0031904 0.00316769 0.00313218 0.00308563 0.00302969 0.00296584 0.00289541 0.00281954 0.00273922 0.00265534 0.00256875 0.00248023 0.00239056 0.00230048 0.00221074 0.00212203 0.00203502 0.00195035 0.00186856 0.00179015 0.00171554 0.00164501 0.00157879 0.001517 0.00145968
3.61862e-05 4.81065e-05 6.35661e-05 8.34521e-05 0.000108808 0.000140836 0.000180885 0.000230419 0.000290967 0.000364045 0.000451051 0.000553138 0.000671078 0.000805126 0.000954906 0.00111932 0.00129652 0.00148393 0.00167836 0.00187615 0.00207333 0.00226587 0.00244988 0.00262179 0.00277856 0.00291775 0.00303762 0.00313712 0.00321589 0.00327419 0.00331277 0.00333279 0.0033357 0.00332311 0.00329672 0.00325821 0.00320918 0.00315116 0.00308554 0.00301356 0.00293632 0.00285486 0.00277011 0.00268296 0.00259425 0.00250476 0.00241527 0.00232648 0.00223908 0.00215368 0.00207086 0.00199109 0.00191479 0.00184229 0.00177383 0.00170957 0.00164957
4.33161e-05 5.68403e-05 7.41622e-05 9.61724e-05 0.000123903 0.000158523 0.000201325 0.000253689 0.000317036 0.000392751 0.000482091 0.000586079 0.00070538 0.000840191 0.00099014 0.00115421 0.00133073 0.00151736 0.0017112 0.00190891 0.00210685 0.00230129 0.00248853 0.00266517 0.00282818 0.00297508 0.00310397 0.0032136 0.00330332 0.00337308 0.00342332 0.00345491 0.00346902 0.00346703 0.00345047 0.00342088 0.00337982 0.00332878 0.00326919 0.00320234 0.00312943 0.00305158 0.00296981 0.00288508 0.00279829 0.00271027 0.00262183 0.0025337 0.00244658 0.00236108 0.00227779 0.0021972 0.00211974 0.00204575 0.00197549 0.00190916 0.00184685
