Codes/Calculating the total magnetization direction using VG-TG method/Correlation.grd
DSAA
181 91 
-90 90
0 90
-4.271362e-06 3.821388e-02
[rows 50 to 74 of 91, columns 0 to 56 of 181]
0.000580609 0.000632143 0.000687466 0.000746721 0.000810038 0.000877526 0.000949279 0.00102536 0.00110583 0.00119069 0.00127993 0.00137351 0.00147134 0.00157332 0.00167929 0.00178906 0.00190242 0.00201911 0.00213882 0.00226125 0.00238604 0.0025128 0.00264114 0.00277063 0.00290083 0.00303129 0.00316157 0.00329121 0.00341976 0.00354677 0.00367182 0.00379449 0.00391439 0.00403115 0.00414443 0.00425391 0.00435932 0.0044604 0.00455693 0.00464875 0.00473569 0.00481764 0.00489452 0.00496628 0.0050329 0.00509438 0.00515076 0.00520208 0.00524843 0.0052899 0.00532661 0.00535867 0.00538624 0.00540945 0.00542847 0.00544345 0.00545457
0.000611687 0.000663521 0.000718984 0.000778199 0.000841278 0.000908317 0.000979392 0.00105456 0.00113385 0.00121728 0.00130482 0.00139643 0.00149203 0.0015915 0.00169471 0.00180149 0.00191162 0.00202488 0.00214099 0.00225965 0.00238055 0.00250334 0.00262765 0.0027531 0.00287929 0.00300581 0.00313226 0.0032582 0.00338324 0.00350696 0.00362897 0.00374888 0.00386633 0.00398097 0.00409248 0.00420056 0.00430493 0.00440535 0.00450162 0.00459354 0.00468095 0.00476375 0.00484182 0.0049151 0.00498356 0.00504717 0.00510596 0.00515994 0.00520917 0.00525372 0.00529369 0.00532916 0.00536025 0.00538709 0.00540981 0.00542856 0.00544346
0.000643078 0.000695095 0.000750577 0.000809632 0.000872356 0.000938829 0.00100911 0.00108326 0.00116128 0.00124319 0.00132895 0.00141852 0.00151182 0.00160875 0.00170917 0.00181292 0.00191981 0.00202963 0.00214212 0.00225702 0.00237403 0.00249285 0.00261312 0.00273452 0.00285667 0.00297921 0.00310175 0.00322393 0.00334535 0.00346565 0.00358446 0.00370142 0.00381621 0.00392848 0.00403794 0.00414431 0.00424732 0.00434673 0.00444234 0.00453397 0.00462145 0.00470465 0.00478347 0.00485783 0.00492768 0.00499297 0.00505371 0.0051099 0.00516158 0.00520879 0.00525159 0.00529007 0.00532432 0.00535444 0.00538053 0.00540273 0.00542114
0.000674722 0.000726805 0.000782188 0.000840965 0.000903217 0.000969011 0.0010384 0.00111142 0.00118808 0.00126838 0.00135229 0.00143976 0.00153071 0.00162505 0.00172265 0.00182335 0.00192699 0.00203335 0.00214223 0.00225337 0.0023665 0.00248134 0.00259758 0.00271492 0.00283301 0.00295153 0.00307012 0.00318845 0.00330617 0.00342294 0.00353841 0.00365227 0.00376419 0.00387388 0.00398105 0.00408543 0.00418677 0.00428486 0.00437947 0.00447043 0.00455759 0.0046408 0.00471995 0.00479496 0.00486576 0.0049323 0.00499456 0.00505253 0.00510622 0.00515566 0.00520091 0.005242 0.00527903 0.00531206 0.00534118 0.0053665 0.00538813
0.000706559 0.00075859 0.000813758 0.000872141 0.000933809 0.000998817 0.00106721 0.001139 0.00121421 0.00129283 0.00137481 0.00146012 0.00154868 0.00164039 0.00173513 0.00183277 0.00193314 0.00203606 0.00214132 0.0022487 0.00235796 0.00246883 0.00258105 0.00269432 0.00280834 0.00292282 0.00303743 0.00315186 0.0032658 0.00337894 0.00349096 0.00360156 0.00371046 0.00381737 0.00392203 0.00402418 0.00412359 0.00422004 0.00431333 0.0044033 0.00448977 0.00457261 0.00465171 0.00472697 0.00479831 0.00486568 0.00492904 0.00498837 0.00504367 0.00509494 0.00514222 0.00518554 0.00522496 0.00526053 0.00529234 0.00532046 0.00534499
0.000738525 0.000790391 0.000845229 0.000903106 0.00096408 0.0010282 0.00109549 0.00116597 0.00123965 0.0013165 0.0013965 0.00147959 0.0015657 0.00165475 0.00174661 0.00184117 0.00193827 0.00203774 0.0021394 0.00224303 0.00234843 0.00245535 0.00256355 0.00267275 0.0027827 0.00289312 0.00300372 0.00311422 0.00322432 0.00333375 0.00344221 0.00354945 0.00365517 0.00375914 0.00386108 0.00396078 0.00405801 0.00415257 0.00424426 0.00433291 0.00441837 0.0045005 0.00457918 0.00465432 0.00472582 0.00479363 0.0048577 0.00491799 0.00497448 0.00502719 0.00507611 0.00512127 0.00516271 0.00520047 0.00523461 0.0052652 0.0052923
0.000770561 0.000822148 0.000876544 0.000933806 0.000993981 0.00105711 0.0011232 0.00119228 0.00126434 0.00133937 0.00141731 0.00149814 0.00158177 0.00166812 0.00175709 0.00184855 0.00194237 0.0020384 0.00213646 0.00223637 0.00233792 0.0024409 0.00254509 0.00265025 0.00275613 0.00286249 0.00296906 0.00307559 0.00318181 0.00328746 0.0033923 0.00349605 0.00359848 0.00369935 0.00379842 0.00389548 0.00399031 0.00408273 0.00417255 0.00425961 0.00434376 0.00442486 0.00450279 0.00457745 0.00464876 0.00471664 0.00478104 0.00484191 0.00489922 0.00495298 0.00500316 0.00504979 0.00509288 0.00513247 0.0051686 0.00520131 0.00523067
0.000802605 0.000853802 0.000907647 0.000964188 0.00102346 0.0010855 0.00115031 0.00121791 0.00128828 0.0013614 0.00143725 0.00151575 0.00159686 0.00168049 0.00176654 0.00185491 0.00194546 0.00203805 0.00213252 0.00222872 0.00232644 0.00242551 0.00252571 0.00262684 0.00272866 0.00283096 0.00293349 0.00303603 0.00313834 0.00324018 0.00334131 0.0034415 0.00354053 0.00363817 0.00373422 0.00382847 0.00392072 0.00401079 0.00409851 0.00418372 0.00426628 0.00434606 0.00442294 0.00449681 0.00456758 0.00463519 0.00469956 0.00476066 0.00481844 0.00487287 0.00492396 0.00497169 0.00501608 0.00505714 0.00509491 0.00512942 0.00516071
0.000834597 0.000885296 0.000938484 0.000994201 0.00105248 0.00111333 0.00117677 0.00124281 0.00131142 0.00138258 0.00145627 0.00153242 0.00161097 0.00169186 0.00177498 0.00186024 0.00194752 0.00203668 0.00212759 0.00222009 0.00231401 0.00240919 0.00250543 0.00260254 0.00270032 0.00279857 0.00289707 0.00299562 0.00309399 0.00319197 0.00328935 0.00338591 0.00348145 0.00357577 0.00366866 0.00375995 0.00384945 0.00393699 0.0040224 0.00410554 0.00418627 0.00426446 0.00434 0.00441279 0.00448273 0.00454974 0.00461377 0.00467475 0.00473265 0.00478742 0.00483906 0.00488755 0.0049329 0.0049751 0.00501417 0.00505015 0.00508305
0.000866478 0.000916572 0.000969 0.00102379 0.00108098 0.00114056 0.00120255 0.00126695 0.00133374 0.00140289 0.00147436 0.00154812 0.00162409 0.00170221 0.00178239 0.00186454 0.00194855 0.0020343 0.00212166 0.00221049 0.00230064 0.00239196 0.00248426 0.00257739 0.00267115 0.00276537 0.00285985 0.0029544 0.00304882 0.00314292 0.00323651 0.00332939 0.00342138 0.00351228 0.00360192 0.00369013 0.00377673 0.00386156 0.00394449 0.00402536 0.00410404 0.00418041 0.00425436 0.00432579 0.00439461 0.00446075 0.00452412 0.00458468 0.00464237 0.00469717 0.00474903 0.00479795 0.00484391 0.00488692 0.00492698 0.0049641 0.00499831
0.000898187 0.000947574 0.000999142 0.00105292 0.00110892 0.00116715 0.00122761 0.0012903 0.0013552 0.00142228 0.00149151 0.00156283 0.0016362 0.00171154 0.00178877 0.00186782 0.00194857 0.00203092 0.00211475 0.00219994 0.00228635 0.00237383 0.00246224 0.00255141 0.00264118 0.00273139 0.00282186 0.00291243 0.0030029 0.00309312 0.00318289 0.00327205 0.00336043 0.00344785 0.00353414 0.00361916 0.00370274 0.00378474 0.00386502 0.00394344 0.00401987 0.00409422 0.00416635 0.00423619 0.00430364 0.00436862 0.00443106 0.00449091 0.00454811 0.00460261 0.0046544 0.00470344 0.00474971 0.00479321 0.00483394 0.0048719 0.0049071
0.000929668 0.000978247 0.00102886 0.00108153 0.00113625 0.00119305 0.00125192 0.00131283 0.00137579 0.00144075 0.00150769 0.00157655 0.00164729 0.00171984 0.00179412 0.00187006 0.00194757 0.00202654 0.00210687 0.00218845 0.00227114 0.00235483 0.00243937 0.00252462 0.00261044 0.00269667 0.00278316 0.00286976 0.0029563 0.00304262 0.00312857 0.00321399 0.00329871 0.00338259 0.00346548 0.00354723 0.00362769 0.00370673 0.00378422 0.00386004 0.00393406 0.00400619 0.00407632 0.00414434 0.00421019 0.00427378 0.00433504 0.00439391 0.00445033 0.00450427 0.00455569 0.00460455 0.00465084 0.00469454 0.00473564 0.00477414 0.00481004
0.000960862 0.00100854 0.0010581 0.00110957 0.00116295 0.00121824 0.00127543 0.00133452 0.00139548 0.00145828 0.00152289 0.00158926 0.00165736 0.0017271 0.00179843 0.00187128 0.00194556 0.00202117 0.00209803 0.00217603 0.00225505 0.00233498 0.00241569 0.00249706 0.00257896 0.00266125 0.0027438 0.00282645 0.00290907 0.00299151 0.00307363 0.00315529 0.00323634 0.00331665 0.00339607 0.00347448 0.00355174 0.00362772 0.00370232 0.0037754 0.00384687 0.00391662 0.00398456 0.00405058 0.00411462 0.0041766 0.00423645 0.0042941 0.00434951 0.00440262 0.00445341 0.00450182 0.00454785 0.00459146 0.00463265 0.00467141 0.00470774
0.000991714 0.00103839 0.00108682 0.00113701 0.00118896 0.00124267 0.00129813 0.00135533 0.00141424 0.00147484 0.00153709 0.00160096 0.00166639 0.00173333 0.00180171 0.00187147 0.00194254 0.00201482 0.00208823 0.00216268 0.00223807 0.00231428 0.00239122 0.00246876 0.00254678 0.00262517 0.0027038 0.00278254 0.00286127 0.00293984 0.00301815 0.00309605 0.00317341 0.00325012 0.00332605 0.00340106 0.00347506 0.00354791 0.00361951 0.00368976 0.00375855 0.00382578 0.00389137 0.00395523 0.00401729 0.00407746 0.00413569 0.00419191 0.00424607 0.00429812 0.00434803 0.00439575 0.00444126 0.00448453 0.00452554 0.0045643 0.00460077
0.00102217 0.00106776 0.00111497 0.0011638 0.00121425 0.00126631 0.00131998 0.00137523 0.00143206 0.00149042 0.00155029 0.00161163 0.00167438 0.00173851 0.00180396 0.00187065 0.00193852 0.0020075 0.0020775 0.00214844 0.00222023 0.00229278 0.00236598 0.00243973 0.00251393 0.00258846 0.00266322 0.00273809 0.00281295 0.00288769 0.0029622 0.00303635 0.00311003 0.00318313 0.00325553 0.00332712 0.0033978 0.00346746 0.003536 0.00360332 0.00366932 0.00373392 0.00379704 0.00385859 0.0039185 0.0039767 0.00403313 0.00408772 0.00414043 0.00419121 0.00424002 0.00428681 0.00433157 0.00437425 0.00441485 0.00445335 0.00448972
0.00105217 0.00109659 0.0011425 0.00118989 0.00123877 0.00128913 0.00134095 0.00139421 0.00144891 0.001505 0.00156247 0.00162126 0.00168134 0.00174266 0.00180517 0.0018688 0.00193351 0.00199921 0.00206584 0.00213331 0.00220155 0.00227048 0.00233999 0.00241001 0.00248043 0.00255116 0.0026221 0.00269314 0.00276418 0.00283512 0.00290585 0.00297627 0.00304628 0.00311577 0.00318464 0.00325279 0.00332013 0.00338654 0.00345196 0.00351628 0.00357942 0.00364129 0.00370182 0.00376094 0.00381857 0.00387465 0.00392912 0.00398192 0.004033 0.00408231 0.00412982 0.00417548 0.00421927 0.00426115 0.0043011 0.0043391 0.00437514
0.00108168 0.00112484 0.00116937 0.00121526 0.0012625 0.00131109 0.00136101 0.00141225 0.00146478 0.00151858 0.00157361 0.00162985 0.00168724 0.00174576 0.00180535 0.00186595 0.00192751 0.00198997 0.00205326 0.00211731 0.00218205 0.0022474 0.00231329 0.00237963 0.00244633 0.0025133 0.00258047 0.00264773 0.002715 0.00278218 0.00284918 0.0029159 0.00298225 0.00304815 0.00311349 0.00317819 0.00324216 0.00330531 0.00336756 0.00342883 0.00348904 0.00354811 0.00360597 0.00366255 0.00371779 0.00377162 0.00382399 0.00387485 0.00392414 0.00397182 0.00401785 0.00406219 0.00410481 0.00414568 0.00418478 0.00422208 0.00425757
0.00111063 0.00115246 0.00119554 0.00123985 0.0012854 0.00133217 0.00138015 0.00142931 0.00147965 0.00153112 0.00158371 0.00163739 0.0016921 0.00174782 0.0018045 0.00186209 0.00192054 0.00197979 0.00203978 0.00210046 0.00216174 0.00222358 0.00228589 0.0023486 0.00241164 0.00247493 0.00253838 0.00260192 0.00266547 0.00272893 0.00279224 0.0028553 0.00291803 0.00298035 0.00304218 0.00310344 0.00316404 0.00322391 0.00328297 0.00334115 0.00339838 0.00345459 0.0035097 0.00356367 0.00361642 0.0036679 0.00371806 0.00376684 0.00381421 0.00386011 0.0039045 0.00394736 0.00398864 0.00402833 0.00406638 0.00410279 0.00413752
0.00113897 0.0011794 0.00122096 0.00126364 0.00130744 0.00135234 0.00139833 0.00144539 0.0014935 0.00154263 0.00159277 0.00164387 0.00169591 0.00174885 0.00180264 0.00185724 0.0019126 0.00196868 0.00202542 0.00208277 0.00214066 0.00219903 0.00225782 0.00231697 0.00237641 0.00243607 0.00249587 0.00255575 0.00261563 0.00267544 0.0027351 0.00279454 0.00285369 0.00291248 0.00297082 0.00302864 0.00308589 0.00314247 0.00319834 0.00325341 0.00330763 0.00336092 0.00341324 0.00346453 0.00351472 0.00356376 0.00361161 0.00365822 0.00370354 0.00374753 0.00379016 0.00383138 0.00387118 0.00390951 0.00394635 0.00398168 0.00401549
0.00116666 0.00120561 0.00124559 0.00128658 0.00132858 0.00137156 0.00141553 0.00146045 0.00150632 0.0015531 0.00160077 0.00164931 0.00169867 0.00174884 0.00179976 0.0018514 0.00190372 0.00195666 0.0020102 0.00206426 0.00211881 0.00217378 0.00222912 0.00228477 0.00234067 0.00239676 0.00245298 0.00250926 0.00256553 0.00262174 0.00267782 0.0027337 0.00278931 0.0028446 0.00289948 0.00295391 0.00300781 0.00306113 0.00311379 0.00316575 0.00321694 0.00326731 0.00331679 0.00336535 0.00341292 0.00345946 0.00350492 0.00354926 0.00359244 0.00363442 0.00367516 0.00371463 0.0037528 0.00378964 0.00382512 0.00385923 0.00389194
0.00119364 0.00123106 0.0012694 0.00130864 0.00134879 0.00138982 0.00143173 0.00147449 0.00151809 0.00156251 0.00160771 0.00165368 0.00170039 0.0017478 0.00179587 0.00184458 0.00189389 0.00194375 0.00199412 0.00204496 0.00209621 0.00214784 0.00219979 0.00225201 0.00230444 0.00235704 0.00240974 0.00246249 0.00251523 0.00256791 0.00262046 0.00267283 0.00272496 0.0027768 0.00282827 0.00287933 0.00292993 0.00297999 0.00302947 0.00307832 0.00312648 0.0031739 0.00322054 0.00326633 0.00331124 0.00335523 0.00339825 0.00344025 0.00348121 0.00352109 0.00355984 0.00359745 0.00363388 0.00366911 0.0037031 0.00373584 0.00376731
0.00121989 0.0012557 0.00129234 0.0013298 0.00136805 0.0014071 0.00144692 0.0014875 0.00152882 0.00157086 0.00161359 0.001657 0.00170106 0.00174573 0.00179099 0.0018368 0.00188314 0.00192995 0.00197721 0.00202488 0.00207291 0.00212125 0.00216988 0.00221873 0.00226777 0.00231694 0.00236619 0.00241548 0.00246476 0.00251398 0.00256307 0.002612 0.00266071 0.00270915 0.00275726 0.00280501 0.00285233 0.00289917 0.0029455 0.00299126 0.0030364 0.00308087 0.00312465 0.00316767 0.0032099 0.00325129 0.00329182 0.00333144 0.00337012 0.00340782 0.00344452 0.00348017 0.00351477 0.00354828 0.00358067 0.00361193 0.00364203
0.00124534 0.0012795 0.0013144 0.00135001 0.00138634 0.00142336 0.00146107 0.00149945 0.00153848 0.00157814 0.00161841 0.00165927 0.00170069 0.00174265 0.00178512 0.00182807 0.00187148 0.00191529 0.0019595 0.00200405 0.00204891 0.00209404 0.0021394 0.00218496 0.00223067 0.00227649 0.00232238 0.00236829 0.00241418 0.00246 0.00250571 0.00255126 0.00259662 0.00264172 0.00268654 0.00273101 0.00277511 0.00281878 0.00286199 0.00290468 0.00294682 0.00298837 0.00302928 0.00306953 0.00310906 0.00314785 0.00318586 0.00322306 0.00325941 0.00329489 0.00332946 0.0033631 0.00339579 0.00342749 0.00345819 0.00348786 0.00351649
0.00126996 0.00130242 0.00133552 0.00136926 0.00140362 0.0014386 0.00147417 0.00151034 0.00154707 0.00158435 0.00162216 0.00166048 0.00169929 0.00173856 0.00177828 0.00181841 0.00185892 0.00189979 0.00194099 0.00198248 0.00202424 0.00206622 0.0021084 0.00215073 0.00219319 0.00223574 0.00227833 0.00232094 0.00236351 0.00240602 0.00244842 0.00249068 0.00253274 0.00257459 0.00261616 0.00265743 0.00269836 0.00273891 0.00277904 0.0028187 0.00285788 0.00289652 0.0029346 0.00297208 0.00300892 0.0030451 0.00308058 0.00311534 0.00314934 0.00318255 0.00321495 0.00324652 0.00327724 0.00330707 0.00333599 0.003364 0.00339107
0.00129371 0.00132442 0.00135569 0.00138751 0.00141988 0.00145279 0.00148622 0.00152015 0.00155458 0.00158948 0.00162484 0.00166064 0.00169686 0.00173348 0.00177047 0.00180782 0.00184549 0.00188346 0.00192171 0.00196021 0.00199892 0.00203782 0.00207689 0.00211608 0.00215536 0.00219471 0.00223409 0.00227347 0.00231282 0.00235209 0.00239126 0.00243029 0.00246915 0.0025078 0.00254621 0.00258434 0.00262217 0.00265965 0.00269675 0.00273344 0.00276969 0.00280546 0.00284073 0.00287547 0.00290963 0.00294321 0.00297616 0.00300847 0.0030401 0.00307103 0.00310124 0.0031307 0.00315939 0.0031873 0.0032144 0.00324067 0.0032661
