Codes/Calculating the total magnetization direction using VG-TG method/Correlation.grd
DSAA
181 91 
-90 90
0 90
-4.271362e-06 3.821388e-02
[rows 25 to 49 of 91, columns 57 to 113 of 181]
0.00198989 0.00193341 0.00188077 0.0018319 0.0017867 0.00174505 0.00170677 0.00167172 0.00163969 0.00161051 0.00158396 0.00155986 0.00153799 0.00151814 0.00150009 0.00148363 0.00146855 0.00145463 0.00144169 0.0014295 0.00141786 0.00140659 0.00139549 0.00138436 0.00137304 0.00136137 0.00134917 0.00133634 0.00132273 0.00130828 0.0012929 0.00127655 0.00125921 0.00124089 0.0012216 0.0012014 0.00118033 0.00115848 0.00113591 0.00111271 0.00108897 0.00106479 0.00104024 0.00101543 0.000990436 0.000965346 0.00094024 0.000915199 0.000890297 0.000865609 0.000841207 0.00081716 0.000793532 0.000770379 0.00074775 0.000725689 0.000704234
0.0021963 0.00213785 0.00208305 0.00203185 0.00198418 0.00193995 0.00189902 0.00186125 0.00182646 0.00179449 0.00176514 0.00173823 0.00171355 0.0016909 0.00167006 0.00165082 0.00163297 0.0016163 0.00160061 0.0015857 0.00157137 0.00155742 0.00154365 0.0015299 0.00151599 0.00150177 0.00148707 0.00147179 0.0014558 0.00143901 0.00142137 0.00140282 0.00138335 0.00136295 0.00134164 0.00131945 0.00129645 0.00127269 0.00124824 0.00122319 0.0011976 0.00117157 0.00114519 0.00111854 0.00109171 0.00106478 0.00103784 0.00101097 0.000984241 0.000957734 0.000931523 0.000905681 0.000880272 0.000855351 0.000830972 0.000807181 0.000784017
0.00240642 0.00234642 0.00228982 0.00223661 0.00218676 0.0021402 0.00209682 0.00205649 0.00201908 0.00198442 0.00195234 0.00192267 0.0018952 0.00186974 0.00184608 0.00182402 0.00180335 0.00178387 0.00176538 0.00174767 0.00173056 0.00171385 0.00169735 0.0016809 0.00166433 0.00164748 0.00163022 0.00161242 0.00159397 0.0015748 0.00155483 0.00153402 0.00151235 0.00148981 0.00146641 0.0014422 0.00141721 0.0013915 0.00136513 0.00133817 0.0013107 0.00128281 0.00125457 0.00122607 0.00119739 0.00116863 0.00113986 0.00111116 0.00108262 0.0010543 0.00102629 0.000998667 0.000971484 0.000944804 0.000918682 0.000893166 0.000868298
0.0026188 0.00255767 0.00249966 0.00244481 0.00239309 0.00234448 0.00229889 0.00225623 0.00221637 0.00217916 0.00214447 0.00211211 0.00208191 0.00205368 0.00202723 0.00200235 0.00197885 0.00195654 0.00193521 0.00191467 0.00189474 0.00187523 0.00185596 0.00183676 0.00181748 0.00179797 0.0017781 0.00175774 0.00173679 0.00171518 0.00169284 0.00166973 0.00164581 0.00162109 0.00159557 0.00156929 0.00154227 0.00151457 0.00148625 0.00145737 0.00142801 0.00139823 0.00136813 0.00133778 0.00130727 0.00127668 0.00124608 0.00121558 0.00118523 0.00115513 0.00112534 0.00109595 0.00106701 0.00103859 0.00101074 0.000983516 0.000956958
0.00283194 0.00277013 0.00271113 0.00265501 0.00260179 0.00255144 0.00250393 0.00245917 0.00241707 0.00237751 0.00234035 0.00230544 0.00227262 0.00224171 0.00221252 0.00218487 0.00215858 0.00213345 0.00210929 0.00208593 0.00206318 0.00204085 0.0020188 0.00199684 0.00197484 0.00195265 0.00193014 0.0019072 0.00188374 0.00185967 0.00183494 0.00180949 0.00178331 0.00175639 0.00172872 0.00170034 0.00167128 0.00164158 0.00161129 0.00158048 0.00154921 0.00151756 0.0014856 0.00145341 0.00142107 0.00138867 0.00135628 0.00132399 0.00129187 0.00126 0.00122847 0.00119733 0.00116666 0.00113653 0.00110698 0.00107807 0.00104985
0.00304432 0.0029823 0.00292276 0.00286578 0.00281142 0.00275969 0.00271057 0.00266401 0.00261992 0.00257823 0.0025388 0.00250151 0.0024662 0.00243273 0.00240092 0.00237059 0.00234158 0.00231369 0.00228676 0.00226061 0.00223507 0.00220997 0.00218515 0.00216045 0.00213574 0.00211088 0.00208575 0.00206024 0.00203426 0.00200773 0.0019806 0.00195283 0.00192438 0.00189524 0.00186543 0.00183495 0.00180384 0.00177214 0.00173989 0.00170715 0.00167399 0.00164047 0.00160666 0.00157266 0.00153852 0.00150433 0.00147017 0.00143613 0.00140227 0.00136868 0.00133542 0.00130259 0.00127023 0.00123841 0.0012072 0.00117664 0.00114678
0.00325447 0.00319271 0.00313308 0.00307568 0.00302058 0.00296784 0.00291745 0.0028694 0.00282362 0.00278005 0.00273859 0.00269912 0.00266153 0.00262566 0.00259137 0.00255849 0.00252687 0.00249633 0.00246672 0.00243786 0.0024096 0.00238178 0.00235425 0.00232686 0.00229949 0.00227199 0.00224427 0.00221622 0.00218775 0.0021588 0.00212929 0.00209921 0.0020685 0.00203717 0.00200522 0.00197266 0.00193951 0.00190582 0.00187163 0.00183699 0.00180195 0.00176659 0.00173098 0.00169518 0.00165928 0.00162335 0.00158746 0.00155171 0.00151615 0.00148088 0.00144596 0.00141146 0.00137745 0.001344 0.00131117 0.001279 0.00124754
0.00346091 0.00339991 0.00334065 0.00328326 0.00322786 0.0031745 0.00312321 0.00307401 0.00302686 0.0029817 0.00293848 0.00289709 0.00285743 0.00281937 0.00278278 0.00274753 0.00271345 0.00268039 0.00264822 0.00261677 0.00258589 0.00255545 0.0025253 0.0024953 0.00246533 0.00243528 0.00240503 0.0023745 0.0023436 0.00231226 0.00228042 0.00224806 0.00221514 0.00218166 0.0021476 0.00211299 0.00207784 0.0020422 0.0020061 0.00196958 0.00193271 0.00189556 0.00185817 0.00182063 0.00178301 0.00174538 0.00170782 0.0016704 0.0016332 0.00159629 0.00155976 0.00152365 0.00148805 0.00145302 0.00141861 0.00138488 0.00135188
0.00366227 0.0036025 0.00354407 0.00348715 0.00343186 0.00337829 0.0033265 0.00327652 0.00322833 0.00318192 0.00313723 0.0030942 0.00305273 0.00301272 0.00297406 0.00293662 0.00290027 0.00286488 0.00283031 0.00279641 0.00276306 0.00273012 0.00269747 0.00266497 0.00263252 0.0026 0.00256732 0.00253438 0.00250112 0.00246747 0.00243338 0.0023988 0.00236373 0.00232814 0.00229204 0.00225543 0.00221834 0.00218079 0.00214283 0.00210449 0.00206584 0.00202693 0.00198783 0.00194861 0.00190932 0.00187005 0.00183087 0.00179185 0.00175307 0.00171459 0.0016765 0.00163885 0.00160172 0.00156516 0.00152924 0.00149401 0.00145951
0.00385723 0.00379916 0.00374203 0.00368602 0.00363128 0.00357792 0.00352602 0.00347563 0.00342678 0.00337945 0.00333363 0.00328925 0.00324626 0.00320458 0.00316409 0.00312471 0.00308632 0.00304879 0.00301201 0.00297585 0.0029402 0.00290492 0.00286991 0.00283506 0.00280025 0.00276539 0.00273039 0.00269516 0.00265964 0.00262378 0.00258752 0.00255082 0.00251367 0.00247606 0.00243798 0.00239944 0.00236047 0.00232109 0.00228133 0.00224124 0.00220088 0.00216029 0.00211953 0.00207869 0.00203781 0.00199696 0.00195623 0.00191568 0.00187538 0.0018354 0.00179582 0.00175669 0.00171809 0.00168008 0.00164271 0.00160604 0.00157012
0.00404456 0.00398865 0.00393326 0.0038786 0.00382484 0.0037721 0.0037205 0.00367011 0.00362096 0.00357308 0.00352646 0.00348108 0.00343688 0.00339381 0.00335178 0.00331072 0.00327053 0.00323111 0.00319235 0.00315414 0.00311638 0.00307896 0.00304177 0.00300472 0.00296772 0.00293067 0.00289349 0.00285611 0.00281846 0.0027805 0.00274218 0.00270347 0.00266434 0.0026248 0.00258484 0.00254446 0.00250369 0.00246255 0.00242109 0.00237933 0.00233733 0.00229513 0.00225281 0.00221042 0.00216802 0.00212568 0.00208347 0.00204147 0.00199973 0.00195832 0.00191733 0.0018768 0.0018368 0.0017974 0.00175866 0.00172062 0.00168334
0.00422316 0.00416983 0.00411661 0.00406373 0.00401136 0.00395967 0.00390877 0.00385876 0.00380971 0.00376164 0.00371459 0.00366854 0.00362346 0.00357932 0.00353606 0.0034936 0.00345189 0.00341083 0.00337034 0.00333031 0.00329067 0.00325132 0.00321217 0.00317312 0.0031341 0.00309503 0.00305584 0.00301646 0.00297683 0.00293691 0.00289667 0.00285606 0.00281509 0.00277373 0.002732 0.00268989 0.00264743 0.00260464 0.00256156 0.00251822 0.00247467 0.00243097 0.00238717 0.00234332 0.00229949 0.00225574 0.00221215 0.00216877 0.00212567 0.00208293 0.0020406 0.00199875 0.00195744 0.00191673 0.00187669 0.00183735 0.00179878
0.00439201 0.00434166 0.00429101 0.00424031 0.00418975 0.0041395 0.0040897 0.00404047 0.00399189 0.00394402 0.00389689 0.00385053 0.00380492 0.00376004 0.00371585 0.00367232 0.00362938 0.00358697 0.00354501 0.00350343 0.00346216 0.00342111 0.00338021 0.00333939 0.00329856 0.00325767 0.00321665 0.00317544 0.003134 0.00309229 0.00305027 0.00300793 0.00296525 0.00292221 0.00287883 0.00283511 0.00279108 0.00274675 0.00270217 0.00265736 0.00261238 0.00256727 0.00252208 0.00247688 0.00243172 0.00238666 0.00234177 0.00229711 0.00225275 0.00220875 0.00216518 0.0021221 0.00207956 0.00203763 0.00199637 0.00195582 0.00191603
0.00455024 0.00450322 0.00445551 0.00440736 0.00435899 0.00431057 0.00426226 0.00421419 0.00416647 0.00411916 0.00407233 0.00402601 0.00398022 0.00393494 0.00389017 0.00384587 0.00380202 0.00375855 0.00371542 0.00367256 0.00362993 0.00358744 0.00354504 0.00350267 0.00346026 0.00341776 0.00337512 0.00333229 0.00328923 0.0032459 0.00320229 0.00315837 0.00311413 0.00306957 0.00302469 0.0029795 0.00293403 0.0028883 0.00284233 0.00279618 0.00274988 0.00270347 0.00265702 0.00261057 0.00256418 0.00251792 0.00247184 0.002426 0.00238048 0.00233532 0.0022906 0.00224638 0.0022027 0.00215964 0.00211724 0.00207556 0.00203464
0.00469708 0.00465371 0.00460927 0.00456402 0.00451818 0.00447195 0.0044255 0.00437896 0.00433246 0.00428609 0.00423992 0.00419401 0.00414838 0.00410305 0.00405803 0.0040133 0.00396885 0.00392464 0.00388064 0.0038368 0.00379308 0.00374942 0.00370579 0.00366212 0.00361838 0.00357451 0.00353047 0.00348623 0.00344175 0.00339701 0.00335198 0.00330667 0.00326105 0.00321512 0.0031689 0.00312241 0.00307564 0.00302865 0.00298145 0.00293408 0.00288659 0.00283902 0.00279142 0.00274384 0.00269634 0.00264899 0.00260182 0.00255492 0.00250833 0.00246213 0.00241636 0.00237109 0.00232637 0.00228227 0.00223883 0.0021961 0.00215413
0.0048319 0.00479244 0.00475155 0.00470951 0.00466653 0.00462282 0.00457856 0.00453391 0.00448898 0.0044439 0.00439875 0.00435359 0.00430848 0.00426345 0.00421852 0.00417369 0.00412897 0.00408434 0.00403978 0.00399526 0.00395074 0.00390621 0.00386161 0.00381692 0.00377209 0.0037271 0.0036819 0.00363648 0.00359081 0.00354486 0.00349863 0.00345211 0.0034053 0.0033582 0.00331082 0.00326317 0.00321528 0.00316717 0.00311889 0.00307045 0.00302191 0.00297331 0.00292469 0.00287612 0.00282764 0.00277931 0.00273118 0.00268332 0.00263579 0.00258863 0.00254192 0.00249571 0.00245006 0.00240501 0.00236061 0.00231693 0.00227401
0.00495417 0.00491885 0.00488177 0.0048432 0.00480336 0.00476248 0.00472072 0.00467827 0.00463525 0.00459179 0.00454799 0.00450393 0.00445968 0.00441528 0.00437078 0.00432619 0.00428153 0.0042368 0.00419199 0.00414709 0.00410209 0.00405697 0.00401169 0.00396625 0.00392061 0.00387475 0.00382865 0.00378228 0.00373565 0.00368872 0.00364151 0.00359399 0.00354619 0.0034981 0.00344974 0.00340113 0.00335228 0.00330323 0.00325402 0.00320467 0.00315523 0.00310574 0.00305625 0.00300681 0.00295748 0.00290831 0.00285935 0.00281065 0.00276229 0.0027143 0.00266676 0.00261971 0.00257321 0.00252732 0.00248207 0.00243753 0.00239373
0.00506352 0.00503251 0.00499943 0.00496455 0.0049281 0.0048903 0.00485133 0.00481137 0.00477056 0.00472904 0.00468691 0.00464428 0.00460121 0.00455778 0.00451403 0.00447 0.00442572 0.00438121 0.00433647 0.00429151 0.00424632 0.00420091 0.00415525 0.00410933 0.00406315 0.00401669 0.00396994 0.00392289 0.00387554 0.00382787 0.00377989 0.0037316 0.00368302 0.00363414 0.003585 0.00353561 0.00348599 0.00343618 0.0033862 0.0033361 0.00328592 0.0032357 0.00318549 0.00313533 0.00308528 0.0030354 0.00298573 0.00293633 0.00288725 0.00283856 0.00279029 0.00274252 0.00269529 0.00264865 0.00260266 0.00255735 0.00251277
0.00515967 0.00513309 0.00510416 0.00507316 0.0050403 0.0050058 0.00496986 0.00493265 0.00489432 0.00485502 0.00481486 0.00477395 0.00473238 0.00469023 0.00464755 0.0046044 0.00456081 0.00451683 0.00447247 0.00442776 0.00438269 0.00433728 0.00429152 0.00424543 0.00419899 0.0041522 0.00410506 0.00405758 0.00400975 0.00396158 0.00391307 0.00386424 0.00381509 0.00376564 0.00371592 0.00366595 0.00361574 0.00356535 0.00351479 0.00346412 0.00341336 0.00336257 0.00331178 0.00326106 0.00321044 0.00315998 0.00310974 0.00305976 0.0030101 0.00296082 0.00291196 0.00286358 0.00281572 0.00276845 0.0027218 0.00267582 0.00263055
0.00524246 0.00522037 0.00519571 0.00516871 0.0051396 0.00510859 0.00507588 0.00504164 0.00500604 0.00496921 0.00493128 0.00489238 0.00485259 0.004812 0.00477069 0.00472872 0.00468614 0.004643 0.00459932 0.00455515 0.00451049 0.00446538 0.00441982 0.00437382 0.0043274 0.00428056 0.00423331 0.00418565 0.00413761 0.00408918 0.00404038 0.00399122 0.00394174 0.00389193 0.00384184 0.00379148 0.0037409 0.00369011 0.00363915 0.00358807 0.00353691 0.00348571 0.00343452 0.00338337 0.00333234 0.00328146 0.00323078 0.00318036 0.00313025 0.0030805 0.00303116 0.00298228 0.00293392 0.00288612 0.00283892 0.00279237 0.00274652
0.00531183 0.00529427 0.00527391 0.005251 0.00522575 0.00519838 0.00516906 0.00513798 0.0051053 0.00507117 0.00503572 0.00499907 0.00496132 0.00492257 0.00488291 0.0048424 0.0048011 0.00475909 0.00471639 0.00467304 0.00462909 0.00458457 0.00453948 0.00449387 0.00444774 0.00440111 0.00435401 0.00430644 0.00425843 0.00420999 0.00416114 0.0041119 0.0040623 0.00401236 0.00396211 0.00391158 0.0038608 0.00380981 0.00375864 0.00370734 0.00365595 0.00360451 0.00355307 0.00350167 0.00345037 0.0033992 0.00334824 0.00329751 0.00324708 0.00319699 0.0031473 0.00309805 0.0030493 0.00300108 0.00295344 0.00290642 0.00286008
0.00536783 0.00535476 0.00533873 0.00531995 0.00529864 0.00527499 0.00524919 0.00522142 0.00519183 0.00516058 0.00512781 0.00509362 0.00505815 0.00502148 0.00498371 0.00494493 0.00490519 0.00486457 0.00482311 0.00478088 0.00473791 0.00469424 0.00464991 0.00460495 0.00455938 0.00451324 0.00446654 0.00441932 0.00437159 0.00432338 0.00427472 0.00422563 0.00417614 0.00412629 0.00407609 0.0040256 0.00397483 0.00392384 0.00387265 0.00382131 0.00376986 0.00371836 0.00366683 0.00361533 0.00356392 0.00351263 0.00346151 0.00341062 0.00336001 0.00330971 0.0032598 0.00321029 0.00316126 0.00311274 0.00306477 0.00301739 0.00297066
0.00541058 0.00540195 0.00539021 0.00537556 0.00535821 0.00533834 0.00531615 0.00529179 0.00526542 0.00523721 0.00520727 0.00517575 0.00514274 0.00510837 0.00507273 0.00503589 0.00499795 0.00495898 0.00491903 0.00487816 0.00483643 0.00479388 0.00475057 0.00470652 0.00466177 0.00461637 0.00457033 0.0045237 0.0044765 0.00442877 0.00438053 0.00433182 0.00428267 0.00423312 0.00418319 0.00413294 0.00408238 0.00403158 0.00398056 0.00392936 0.00387804 0.00382664 0.0037752 0.00372376 0.00367239 0.00362112 0.00357001 0.00351909 0.00346843 0.00341807 0.00336805 0.00331842 0.00326922 0.00322051 0.00317232 0.00312469 0.00307767
0.00544032 0.00543602 0.00542849 0.00541793 0.00540452 0.00538846 0.0053699 0.00534902 0.00532597 0.0053009 0.00527394 0.00524522 0.00521486 0.00518297 0.00514964 0.00511497 0.00507904 0.00504193 0.00500372 0.00496445 0.00492421 0.00488303 0.00484097 0.00479808 0.0047544 0.00470998 0.00466485 0.00461905 0.00457262 0.00452559 0.004478 0.0044299 0.00438131 0.00433227 0.00428283 0.00423302 0.00418288 0.00413245 0.00408179 0.00403092 0.0039799 0.00392878 0.00387758 0.00382638 0.0037752 0.00372411 0.00367314 0.00362234 0.00357177 0.00352147 0.00347147 0.00342184 0.00337261 0.00332382 0.00327552 0.00322774 0.00318053
0.00545733 0.00545722 0.00545379 0.00544723 0.00543772 0.00542543 0.00541052 0.00539315 0.00537347 0.00535161 0.00532773 0.00530193 0.00527435 0.00524508 0.00521423 0.0051819 0.00514818 0.00511314 0.00507686 0.00503941 0.00500087 0.00496128 0.00492071 0.00487921 0.00483683 0.00479362 0.00474962 0.00470488 0.00465944 0.00461335 0.00456663 0.00451935 0.00447153 0.00442322 0.00437446 0.0043253 0.00427577 0.00422591 0.00417579 0.00412543 0.00407489 0.0040242 0.00397343 0.00392261 0.00387179 0.00382102 0.00377034 0.0037198 0.00366946 0.00361934 0.00356951 0.00351999 0.00347084 0.0034221 0.0033738 0.00332598 0.00327869
