Codes/Calculating the total magnetization direction using VG-TG method/Correlation.grd
DSAA
181 91 
-90 90
0 90
-4.271362e-06 3.821388e-02
[rows 50 to 74 of 91, columns 57 to 113 of 181]
0.00546198 0.00546587 0.00546639 0.00546372 0.00545802 0.00544944 0.00543814 0.00542427 0.00540797 0.00538938 0.00536863 0.00534584 0.00532113 0.0052946 0.00526637 0.00523653 0.00520516 0.00517236 0.0051382 0.00510276 0.00506611 0.00502832 0.00498944 0.00494954 0.00490867 0.00486689 0.00482424 0.00478077 0.00473654 0.00469158 0.00464595 0.0045997 0.00455285 0.00450547 0.00445759 0.00440926 0.00436053 0.00431144 0.00426203 0.00421236 0.00416246 0.00411239 0.00406219 0.00401191 0.0039616 0.0039113 0.00386106 0.00381093 0.00376094 0.00371115 0.0036616 0.00361233 0.00356338 0.00351479 0.00346661 0.00341886 0.00337159
0.00545469 0.00546237 0.00546667 0.00546773 0.00546571 0.00546075 0.005453 0.00544258 0.00542965 0.00541432 0.00539673 0.00537699 0.00535522 0.00533152 0.005306 0.00527876 0.00524988 0.00521946 0.00518757 0.0051543 0.00511972 0.00508389 0.00504689 0.00500878 0.00496961 0.00492944 0.00488834 0.00484634 0.00480352 0.0047599 0.00471555 0.00467051 0.00462484 0.00457857 0.00453176 0.00448446 0.0044367 0.00438854 0.00434003 0.00429121 0.00424213 0.00419283 0.00414337 0.00409378 0.00404413 0.00399445 0.00394478 0.00389519 0.0038457 0.00379636 0.00374722 0.00369831 0.00364969 0.00360137 0.00355342 0.00350585 0.00345871
0.00543591 0.00544716 0.00545503 0.00545965 0.00546116 0.00545969 0.00545537 0.00544834 0.00543872 0.00542663 0.00541218 0.00539551 0.00537671 0.00535589 0.00533315 0.00530859 0.0052823 0.00525437 0.00522488 0.00519391 0.00516153 0.00512783 0.00509286 0.00505669 0.0050194 0.00498102 0.00494164 0.0049013 0.00486005 0.00481796 0.00477507 0.00473143 0.0046871 0.00464213 0.00459656 0.00455045 0.00450385 0.00445679 0.00440934 0.00436153 0.00431342 0.00426505 0.00421648 0.00416774 0.00411889 0.00406996 0.00402102 0.00397209 0.00392323 0.00387448 0.00382587 0.00377745 0.00372927 0.00368135 0.00363373 0.00358645 0.00353954
0.00540617 0.00542073 0.00543194 0.00543991 0.00544477 0.00544664 0.00544564 0.00544188 0.00543548 0.00542656 0.00541523 0.00540159 0.00538576 0.00536784 0.00534792 0.00532609 0.00530246 0.0052771 0.00525009 0.00522153 0.00519148 0.00516002 0.00512721 0.00509314 0.00505786 0.00502143 0.00498392 0.00494539 0.00490588 0.00486547 0.00482421 0.00478214 0.00473932 0.0046958 0.00465165 0.00460689 0.00456159 0.0045158 0.00446956 0.00442292 0.00437593 0.00432864 0.0042811 0.00423335 0.00418544 0.00413741 0.00408931 0.00404119 0.00399309 0.00394504 0.00389709 0.00384928 0.00380165 0.00375423 0.00370707 0.00366019 0.00361362
0.005366 0.00538361 0.00539791 0.00540902 0.00541702 0.00542205 0.00542419 0.00542357 0.00542029 0.00541445 0.00540616 0.00539552 0.00538263 0.00536759 0.00535049 0.00533142 0.00531047 0.00528773 0.00526328 0.00523719 0.00520955 0.00518043 0.0051499 0.00511803 0.00508488 0.00505053 0.00501503 0.00497844 0.00494082 0.00490223 0.00486273 0.00482238 0.00478122 0.00473931 0.00469671 0.00465346 0.00460961 0.00456522 0.00452034 0.00447501 0.00442929 0.00438322 0.00433684 0.00429022 0.00424338 0.00419638 0.00414926 0.00410207 0.00405484 0.00400762 0.00396045 0.00391337 0.00386641 0.00381961 0.003773 0.00372662 0.00368051
0.00531599 0.00533636 0.0053535 0.00536748 0.00537842 0.0053864 0.00539151 0.00539387 0.00539356 0.00539068 0.00538534 0.00537761 0.0053676 0.0053554 0.00534109 0.00532477 0.00530652 0.00528642 0.00526456 0.005241 0.00521583 0.00518912 0.00516094 0.00513136 0.00510044 0.00506826 0.00503487 0.00500034 0.00496473 0.00492809 0.00489048 0.00485197 0.0048126 0.00477243 0.00473151 0.00468989 0.00464764 0.00460479 0.0045614 0.00451751 0.00447318 0.00442845 0.00438338 0.004338 0.00429236 0.00424651 0.0042005 0.00415435 0.00410812 0.00406185 0.00401557 0.00396932 0.00392314 0.00387707 0.00383114 0.00378537 0.00373981
0.00525673 0.00527957 0.00529926 0.00531588 0.0053295 0.00534022 0.00534811 0.00535326 0.00535577 0.00535571 0.00535318 0.00534826 0.00534104 0.00533161 0.00532005 0.00530644 0.00529087 0.0052734 0.00525413 0.00523312 0.00521045 0.00518619 0.00516041 0.00513318 0.00510457 0.00507463 0.00504345 0.00501106 0.00497755 0.00494296 0.00490735 0.00487078 0.00483331 0.00479499 0.00475587 0.00471601 0.00467546 0.00463427 0.00459249 0.00455016 0.00450735 0.00446408 0.00442042 0.00437641 0.00433209 0.00428751 0.0042427 0.00419772 0.0041526 0.00410738 0.00406211 0.00401681 0.00397152 0.00392628 0.00388112 0.00383608 0.00379117
0.00518884 0.00521385 0.00523582 0.00525479 0.00527086 0.00528407 0.00529452 0.00530227 0.00530741 0.00531001 0.00531015 0.00530791 0.00530338 0.00529662 0.00528772 0.00527676 0.00526381 0.00524895 0.00523224 0.00521377 0.00519361 0.00517181 0.00514846 0.00512362 0.00509736 0.00506973 0.0050408 0.00501063 0.00497929 0.00494682 0.0049133 0.00487877 0.00484329 0.00480691 0.00476969 0.00473169 0.00469294 0.00465351 0.00461344 0.00457278 0.00453158 0.00448989 0.00444775 0.00440521 0.00436232 0.00431911 0.00427562 0.00423191 0.00418801 0.00414395 0.00409978 0.00405553 0.00401124 0.00396694 0.00392266 0.00387844 0.00383429
0.00511293 0.00513982 0.00516377 0.00518484 0.00520308 0.00521855 0.00523133 0.00524147 0.00524904 0.00525411 0.00525676 0.00525706 0.00525507 0.00525087 0.00524453 0.00523613 0.00522573 0.00521341 0.00519923 0.00518326 0.00516558 0.00514624 0.00512532 0.00510288 0.00507898 0.00505368 0.00502705 0.00499914 0.00497002 0.00493974 0.00490836 0.00487593 0.00484251 0.00480816 0.00477292 0.00473684 0.00469999 0.00466241 0.00462414 0.00458524 0.00454575 0.00450573 0.0044652 0.00442423 0.00438286 0.00434111 0.00429905 0.0042567 0.00421411 0.00417132 0.00412836 0.00408526 0.00404206 0.0039988 0.0039555 0.0039122 0.00386892
0.00502963 0.0050581 0.00508375 0.00510663 0.00512679 0.00514427 0.00515913 0.00517143 0.00518123 0.00518858 0.00519356 0.00519621 0.00519662 0.00519484 0.00519094 0.00518499 0.00517705 0.00516718 0.00515546 0.00514194 0.00512669 0.00510978 0.00509126 0.0050712 0.00504966 0.0050267 0.00500238 0.00497675 0.00494988 0.00492182 0.00489262 0.00486234 0.00483104 0.00479876 0.00476556 0.00473149 0.00469659 0.00466093 0.00462454 0.00458747 0.00454977 0.00451149 0.00447267 0.00443335 0.00439358 0.0043534 0.00431284 0.00427195 0.00423077 0.00418932 0.00414766 0.00410581 0.0040638 0.00402167 0.00397945 0.00393716 0.00389484
0.00493957 0.00496932 0.00499639 0.00502081 0.00504261 0.00506184 0.00507855 0.00509278 0.00510458 0.005114 0.00512111 0.00512595 0.00512858 0.00512906 0.00512746 0.00512383 0.00511822 0.00511071 0.00510135 0.0050902 0.00507732 0.00506278 0.00504662 0.00502891 0.0050097 0.00498906 0.00496704 0.00494369 0.00491908 0.00489324 0.00486625 0.00483815 0.00480899 0.00477883 0.00474771 0.00471568 0.0046828 0.0046491 0.00461465 0.00457948 0.00454364 0.00450717 0.00447012 0.00443252 0.00439443 0.00435588 0.00431691 0.00427755 0.00423786 0.00419785 0.00415757 0.00411705 0.00407632 0.00403541 0.00399436 0.00395318 0.00391192
0.00484336 0.00487412 0.00490232 0.004928 0.00495119 0.00497191 0.00499021 0.00500613 0.00501971 0.00503098 0.00504001 0.00504684 0.00505152 0.0050541 0.00505463 0.00505317 0.00504978 0.0050445 0.00503739 0.00502851 0.00501791 0.00500565 0.00499178 0.00497636 0.00495944 0.00494108 0.00492133 0.00490024 0.00487786 0.00485426 0.00482947 0.00480355 0.00477655 0.00474852 0.0047195 0.00468955 0.00465871 0.00462703 0.00459455 0.00456133 0.00452739 0.00449278 0.00445756 0.00442175 0.0043854 0.00434855 0.00431123 0.00427348 0.00423534 0.00419685 0.00415803 0.00411892 0.00407955 0.00403995 0.00400015 0.00396017 0.00392005
0.00474163 0.00477311 0.00480217 0.00482884 0.00485315 0.00487511 0.00489476 0.00491213 0.00492725 0.00494016 0.0049509 0.00495951 0.00496604 0.00497053 0.00497303 0.00497359 0.00497225 0.00496906 0.00496408 0.00495735 0.00494892 0.00493885 0.00492719 0.00491398 0.00489928 0.00488314 0.00486561 0.00484674 0.00482657 0.00480516 0.00478256 0.00475881 0.00473396 0.00470806 0.00468116 0.00465329 0.00462451 0.00459487 0.00456439 0.00453314 0.00450114 0.00446844 0.00443509 0.00440111 0.00436655 0.00433145 0.00429584 0.00425976 0.00422324 0.00418632 0.00414903 0.00411141 0.00407347 0.00403526 0.00399679 0.0039581 0.00391921
0.00463497 0.0046669 0.00469656 0.00472397 0.00474914 0.00477209 0.00479284 0.00481141 0.00482784 0.00484216 0.0048544 0.00486459 0.00487277 0.00487898 0.00488327 0.00488566 0.00488622 0.00488497 0.00488197 0.00487726 0.00487089 0.0048629 0.00485333 0.00484224 0.00482968 0.00481568 0.0048003 0.00478358 0.00476557 0.00474631 0.00472585 0.00470424 0.00468153 0.00465774 0.00463294 0.00460716 0.00458044 0.00455283 0.00452437 0.00449511 0.00446507 0.0044343 0.00440284 0.00437073 0.004338 0.0043047 0.00427084 0.00423648 0.00420164 0.00416636 0.00413066 0.00409458 0.00405814 0.00402138 0.00398432 0.00394699 0.00390942
0.00452398 0.00455611 0.00458611 0.004614 0.00463978 0.00466347 0.00468508 0.00470462 0.00472214 0.00473763 0.00475114 0.0047627 0.00477233 0.00478007 0.00478595 0.00479001 0.00479229 0.00479282 0.00479165 0.00478882 0.00478436 0.00477831 0.00477073 0.00476165 0.00475111 0.00473917 0.00472585 0.00471121 0.00469528 0.00467812 0.00465976 0.00464024 0.00461961 0.00459791 0.00457517 0.00455145 0.00452678 0.00450121 0.00447476 0.00444748 0.00441941 0.00439059 0.00436104 0.00433082 0.00429995 0.00426846 0.0042364 0.0042038 0.00417068 0.00413707 0.00410302 0.00406854 0.00403367 0.00399842 0.00396284 0.00392694 0.00389075
0.00440921 0.00444131 0.00447142 0.00449955 0.0045257 0.00454989 0.00457212 0.00459241 0.00461077 0.00462722 0.00464179 0.0046545 0.00466537 0.00467444 0.00468172 0.00468726 0.00469109 0.00469323 0.00469372 0.0046926 0.00468991 0.00468568 0.00467994 0.00467275 0.00466413 0.00465412 0.00464277 0.00463012 0.00461619 0.00460104 0.0045847 0.00456722 0.00454862 0.00452895 0.00450824 0.00448655 0.0044639 0.00444032 0.00441587 0.00439057 0.00436446 0.00433758 0.00430995 0.00428162 0.00425262 0.00422298 0.00419274 0.00416192 0.00413055 0.00409866 0.00406629 0.00403347 0.0040002 0.00396654 0.00393249 0.00389809 0.00386335
0.00429124 0.00432307 0.00435305 0.0043812 0.0044075 0.00443196 0.00445459 0.00447539 0.00449438 0.00451158 0.00452699 0.00454064 0.00455255 0.00456274 0.00457123 0.00457806 0.00458324 0.00458681 0.0045888 0.00458924 0.00458816 0.00458559 0.00458156 0.00457612 0.00456929 0.00456111 0.00455161 0.00454083 0.00452881 0.00451559 0.00450119 0.00448565 0.00446901 0.00445131 0.00443258 0.00441286 0.00439218 0.00437058 0.00434808 0.00432474 0.00430057 0.00427561 0.0042499 0.00422346 0.00419634 0.00416855 0.00414013 0.00411111 0.00408152 0.00405138 0.00402073 0.00398959 0.00395798 0.00392594 0.00389348 0.00386063 0.00382741
0.00417058 0.00420194 0.00423159 0.00425954 0.00428577 0.00431029 0.0043331 0.0043542 0.00437361 0.00439133 0.00440737 0.00442176 0.0044345 0.00444561 0.00445512 0.00446304 0.0044694 0.00447423 0.00447754 0.00447936 0.00447973 0.00447866 0.0044762 0.00447236 0.00446718 0.0044607 0.00445293 0.00444392 0.00443369 0.00442229 0.00440973 0.00439606 0.0043813 0.00436549 0.00434867 0.00433086 0.00431209 0.00429241 0.00427183 0.0042504 0.00422814 0.00420508 0.00418126 0.0041567 0.00413144 0.0041055 0.00407891 0.0040517 0.0040239 0.00399553 0.00396662 0.00393719 0.00390727 0.00387689 0.00384606 0.00381481 0.00378316
0.00404775 0.00407844 0.00410757 0.00413512 0.00416108 0.00418545 0.00420824 0.00422944 0.00424906 0.0042671 0.00428358 0.00429849 0.00431187 0.00432371 0.00433404 0.00434287 0.00435022 0.00435612 0.00436057 0.00436361 0.00436526 0.00436554 0.00436448 0.0043621 0.00435844 0.0043535 0.00434734 0.00433997 0.00433142 0.00432172 0.0043109 0.00429899 0.00428602 0.00427202 0.00425702 0.00424105 0.00422413 0.0042063 0.00418758 0.00416802 0.00414762 0.00412643 0.00410446 0.00408176 0.00405834 0.00403423 0.00400947 0.00398406 0.00395805 0.00393146 0.0039043 0.00387661 0.0038484 0.00381971 0.00379055 0.00376094 0.0037309
0.00392323 0.00395309 0.00398151 0.00400848 0.00403399 0.00405803 0.0040806 0.0041017 0.00412134 0.00413951 0.00415622 0.00417148 0.0041853 0.00419768 0.00420864 0.00421819 0.00422635 0.00423314 0.00423856 0.00424265 0.00424541 0.00424688 0.00424706 0.00424599 0.00424368 0.00424016 0.00423546 0.0042296 0.0042226 0.00421449 0.00420529 0.00419504 0.00418376 0.00417147 0.0041582 0.00414397 0.00412883 0.00411278 0.00409586 0.0040781 0.00405951 0.00404013 0.00401999 0.0039991 0.00397749 0.0039552 0.00393223 0.00390862 0.0038844 0.00385957 0.00383417 0.00380823 0.00378175 0.00375477 0.0037273 0.00369936 0.00367098
0.00379749 0.00382636 0.00385391 0.00388013 0.00390501 0.00392855 0.00395073 0.00397156 0.00399103 0.00400915 0.00402592 0.00404133 0.00405541 0.00406815 0.00407956 0.00408965 0.00409844 0.00410594 0.00411216 0.00411712 0.00412083 0.00412332 0.00412459 0.00412467 0.00412357 0.00412132 0.00411794 0.00411345 0.00410787 0.00410122 0.00409353 0.00408482 0.0040751 0.00406442 0.00405278 0.00404022 0.00402676 0.00401241 0.00399721 0.00398118 0.00396435 0.00394673 0.00392834 0.00390923 0.00388939 0.00386887 0.00384768 0.00382585 0.00380339 0.00378032 0.00375668 0.00373248 0.00370773 0.00368247 0.00365671 0.00363047 0.00360377
0.00367096 0.0036987 0.00372524 0.00375057 0.00377467 0.00379754 0.00381918 0.00383957 0.00385871 0.0038766 0.00389325 0.00390865 0.00392281 0.00393573 0.00394742 0.00395788 0.00396713 0.00397518 0.00398202 0.00398769 0.00399219 0.00399553 0.00399772 0.0039988 0.00399876 0.00399763 0.00399543 0.00399217 0.00398787 0.00398256 0.00397624 0.00396895 0.0039607 0.00395151 0.0039414 0.0039304 0.00391852 0.00390579 0.00389223 0.00387786 0.0038627 0.00384677 0.00383009 0.00381269 0.00379458 0.00377579 0.00375634 0.00373624 0.00371552 0.0036942 0.0036723 0.00364983 0.00362682 0.00360328 0.00357923 0.0035547 0.0035297
0.00354406 0.00357055 0.00359596 0.00362026 0.00364344 0.00366551 0.00368644 0.00370624 0.0037249 0.00374241 0.00375878 0.00377401 0.00378809 0.00380103 0.00381283 0.0038235 0.00383305 0.00384147 0.00384878 0.00385499 0.00386011 0.00386415 0.00386712 0.00386904 0.00386991 0.00386976 0.00386859 0.00386642 0.00386327 0.00385915 0.00385409 0.00384809 0.00384118 0.00383337 0.00382468 0.00381514 0.00380475 0.00379354 0.00378152 0.00376872 0.00375516 0.00374085 0.0037258 0.00371006 0.00369362 0.00367651 0.00365874 0.00364035 0.00362133 0.00360172 0.00358154 0.00356079 0.00353949 0.00351767 0.00349534 0.00347252 0.00344922
0.00341718 0.00344232 0.00346647 0.00348963 0.00351178 0.00353291 0.00355302 0.00357209 0.00359013 0.00360712 0.00362307 0.00363797 0.00365182 0.00366463 0.00367639 0.00368711 0.0036968 0.00370545 0.00371307 0.00371967 0.00372526 0.00372985 0.00373344 0.00373605 0.00373768 0.00373835 0.00373808 0.00373686 0.00373472 0.00373167 0.00372773 0.0037229 0.00371721 0.00371066 0.00370328 0.00369508 0.00368608 0.00367628 0.00366572 0.0036544 0.00364235 0.00362958 0.0036161 0.00360193 0.00358709 0.00357161 0.00355548 0.00353873 0.00352139 0.00350345 0.00348495 0.00346589 0.00344629 0.00342617 0.00340555 0.00338443 0.00336284
0.00329067 0.00331437 0.00333719 0.00335911 0.00338011 0.00340021 0.00341937 0.0034376 0.00345489 0.00347123 0.00348663 0.00350107 0.00351456 0.00352709 0.00353867 0.0035493 0.00355898 0.00356771 0.00357549 0.00358234 0.00358826 0.00359324 0.00359731 0.00360047 0.00360272 0.00360408 0.00360455 0.00360415 0.00360289 0.00360078 0.00359782 0.00359404 0.00358944 0.00358404 0.00357785 0.00357088 0.00356316 0.00355468 0.00354547 0.00353555 0.00352491 0.00351359 0.00350159 0.00348894 0.00347563 0.0034617 0.00344715 0.003432 0.00341627 0.00339996 0.0033831 0.0033657 0.00334777 0.00332933 0.00331039 0.00329096 0.00327107
