Codes/Calculating the total magnetization direction using VG-TG method/Za.grd
DSAA
301 176
38576000 38582000
3332500 3336000
-1320.418 6582.0698
[rows 140 to 174 of 176, columns 154 to 230 of 301]
-339.8 -338.4 -338.3 -339.6 -342.8 -348.4 -357 -368.5 -383.3 -401.7 -423.8 -450.1 -480.1 -514.1 -552.1 -595.9 -645 -700.2 -760.4 -823 -876 -923.4 -956.6 -973 -973.3 -962.8 -938.1 -908.4 -875.4 -840.5 -813.9 -789.6 -771.2 -760.5 -756.3 -751.1 -749.3 -741.9 -728.5 -710.4 -688.2 -664.1 -643.7 -627.9 -616.9 -610.5 -608.8 -611.2 -617.3 -626.6 -639.3 -654.3 -670.5 -686.7 -702.7 -718.1 -729.7 -734.2 -731.4 -721.5 -703.6 -676.8 -641.1 -597.6 -545.9 -486.9 -425.2 -366.2 -308.8 -254.6 -205.1 -161.7 -125.1 -95.31 -72.35 -55.86 -41.57
-349.1 -348.2 -348.7 -351 -355.3 -361.8 -370.8 -382.2 -396.3 -413.2 -432.6 -454.5 -478.8 -505.5 -534.6 -567.4 -603.4 -643 -686 -731.5 -776.1 -819.9 -860.2 -895.9 -926 -948.9 -964.7 -973.2 -974.1 -967.4 -956 -938.4 -916.1 -890.1 -861.7 -830.3 -797 -763.1 -729.4 -696.8 -665.6 -637.7 -614.8 -597.2 -584.7 -577.6 -575.9 -579 -586.5 -597.8 -613 -630.8 -649.9 -669.1 -688.2 -706.6 -721.2 -728.8 -729.2 -722.5 -707.8 -683.8 -650 -607.6 -556.3 -496.6 -433.6 -373.3 -314.6 -259.2 -208.6 -164.1 -126.9 -96.74 -73.6 -57.05 -42.28
-354.5 -355.4 -357.9 -362.1 -368.2 -376.1 -385.7 -396.9 -410 -424.9 -441.3 -459.1 -478.3 -498.8 -520.7 -544.4 -569.5 -596.2 -624.6 -655 -688.5 -725 -764.4 -806.8 -851.1 -893 -931.4 -962.1 -984.1 -996.7 -998.4 -989.1 -969.2 -939.2 -900.7 -856 -807.9 -761.7 -718.6 -679.3 -644.4 -614.9 -590.9 -572.3 -558.9 -551.3 -549.5 -553 -561.4 -574.1 -591.1 -611.1 -632.4 -654 -675.5 -696.4 -713.7 -724.5 -728.3 -725.2 -714.3 -694.1 -663.5 -623.8 -574.6 -516.4 -454.3 -394.4 -335.6 -279.8 -228.4 -183.1 -145 -113.8 -89.58 -71.94 -55.71
-361.1 -364.1 -368.4 -373.9 -380.7 -388.8 -397.8 -407.9 -419 -431.2 -444.3 -458.3 -473.5 -489.6 -506.5 -523.9 -541 -558.1 -575.1 -592.1 -610.6 -631.5 -655.7 -682.7 -711.7 -740.4 -769 -794.6 -815.6 -831.4 -840.8 -842.6 -835.5 -819.8 -796.9 -768.6 -735.7 -702 -669 -637.9 -608.6 -582.7 -561.3 -544.8 -533.3 -526.9 -525.9 -530.4 -539.9 -553.9 -572.3 -593.7 -616.2 -638.9 -661.4 -683.2 -701.7 -714.7 -721.7 -722.5 -716.3 -701.5 -676.2 -641.6 -597.3 -543.7 -485.2 -427.4 -369.7 -313.8 -260.8 -212.9 -171.9 -137.6 -110 -88.92 -69.73
-371 -376.4 -382.4 -389.2 -396.8 -404.7 -413 -421.5 -430.4 -439.6 -449.5 -460.5 -472.5 -485.3 -499 -512.7 -525 -536.3 -546.5 -555.5 -565 -576 -589.2 -604.9 -622.7 -641.7 -661.8 -681.5 -699.9 -716.1 -728.7 -736.4 -737.4 -731.5 -719.4 -701.9 -680.1 -655.9 -630.5 -605 -579.7 -556.5 -537 -522.1 -511.8 -506.3 -506 -511.1 -521.2 -535.8 -554.8 -576.4 -598.9 -621.5 -643.8 -665.1 -684 -699 -709.3 -715 -715.3 -707.9 -690.4 -663.7 -627.4 -581.7 -529.8 -476.3 -420.9 -365 -309.8 -258 -212.1 -171.7 -137.3 -109 -83.38
-380.9 -388.6 -396.7 -405.1 -413.6 -421.6 -429 -435.6 -441.6 -446.9 -452.6 -459.7 -467.9 -477.3 -487.9 -498.5 -507.6 -515.2 -521.3 -525.7 -529.8 -534.8 -541.6 -550.4 -561.3 -574.4 -589.9 -607.1 -625.5 -644.2 -661.5 -675.4 -683.7 -685.9 -682.1 -672.7 -658.2 -640 -618.9 -595.9 -571.6 -548.5 -529.1 -513.9 -503.3 -497.5 -496.9 -501.4 -510.8 -524.6 -542.9 -563.5 -584.6 -605.9 -626.6 -646.5 -664.7 -680.7 -693.6 -703.4 -709.4 -708.9 -698.8 -679.7 -651 -612.9 -567.3 -517.6 -463.8 -407.1 -348.5 -291.2 -238.8 -190.9 -148.4 -111.6 -78.04
-389.8 -399.2 -408.7 -418.1 -427.4 -435.4 -441.3 -445.5 -447.9 -448.6 -449.1 -451.4 -455.1 -460.6 -468 -475.8 -482.6 -488.3 -492.6 -495.5 -497.9 -500.5 -504.2 -509.5 -516.4 -525.8 -538.5 -554.2 -572.8 -593.4 -614.2 -632.8 -646.7 -655.3 -658.2 -655.7 -647.6 -634.8 -617.7 -597.5 -574.6 -552.4 -533.4 -518.3 -507.6 -501.6 -500.5 -504.4 -512.9 -525.6 -542.6 -561.4 -580.3 -598.7 -616.4 -632.8 -648.1 -662.4 -675.1 -685.9 -694.3 -697.6 -692.2 -678.7 -656.4 -625.1 -585.9 -540.9 -490.3 -435.2 -376.2 -317 -261.5 -209.4 -161.8 -119.3 -80.07
-392.1 -402.8 -413.5 -423.9 -433.9 -442 -447.4 -450.1 -450.3 -447.9 -444.9 -443.8 -444.3 -446.9 -451.8 -457.6 -462.7 -466.9 -469.9 -471.8 -473.2 -474.2 -475.9 -478.6 -482.5 -488.7 -498.9 -513.3 -531.6 -553.1 -576.2 -598 -615.9 -629.4 -637.8 -641 -638.4 -630.1 -616.8 -599.5 -578.6 -557.8 -540.3 -526.6 -517.2 -512.4 -512.1 -516.1 -524 -535.2 -550 -565.9 -581.1 -595.3 -608.4 -619.8 -630.5 -641.8 -652.6 -663 -672.5 -678.2 -676.3 -667.4 -650.5 -625.3 -592.4 -552.7 -506.2 -453.9 -396.4 -337.5 -281.4 -227.8 -178.1 -132.9 -90.76
-394.6 -406.2 -417.6 -428.5 -438.5 -446.6 -451.5 -453.6 -452.8 -449.2 -444.7 -441.9 -440.5 -441.1 -443.7 -447.4 -450.6 -453.3 -455.2 -456.3 -457 -457.2 -457.7 -458.9 -461 -465.3 -473.7 -486.7 -504.1 -525.3 -548.9 -571.8 -591.6 -607.6 -619.1 -625.8 -626.6 -621.3 -610.5 -595.2 -575.6 -556.3 -540.5 -528.6 -521 -518.2 -519.5 -524.1 -531.8 -541.9 -554.7 -567.6 -579.1 -589 -597.3 -603.4 -609.4 -617.1 -625.8 -635.2 -645.3 -652.8 -653.8 -648.4 -635.9 -615.9 -587.9 -552.5 -509.7 -460.4 -405 -347.1 -291.1 -236.9 -185.7 -138.4 -94.45
-397.3 -410.1 -422.4 -433.7 -443.8 -451.5 -455.8 -456.9 -455 -450 -443.8 -439.2 -436.1 -435 -436 -438.5 -440.8 -442.9 -444.7 -446 -447 -447.6 -448.1 -448.9 -450.2 -453 -459.7 -471.1 -486.8 -506.4 -528.9 -551.1 -571 -587.9 -601.1 -610 -613.2 -610.2 -601.5 -587.9 -569.9 -552.2 -538 -527.8 -521.8 -520.6 -523 -528.1 -535.4 -544.5 -555.4 -565.8 -574.1 -580.4 -584.8 -586.8 -589 -593.9 -600.8 -609.6 -620.2 -629.7 -634 -633.3 -626.6 -613.4 -592.4 -562.7 -524.7 -478.6 -425 -367.2 -309.6 -252.5 -197.2 -144.6 -95.21
-393.3 -406.4 -419 -430.6 -441 -449.1 -453.7 -455.1 -453.4 -448.5 -442.2 -436.9 -432.5 -429.4 -427.9 -427.7 -428.2 -429.2 -430.8 -432.9 -435.5 -437.9 -440.1 -442.4 -445.1 -448.8 -455.7 -466.5 -480.9 -498.6 -518.9 -539.5 -558.6 -575.6 -589.7 -600.3 -605.6 -604.7 -598 -586.4 -570.2 -554.4 -541.9 -533.1 -528.5 -528.5 -531.5 -536.4 -543 -550.8 -559.7 -567.5 -572.9 -576 -577 -575.6 -574.6 -576.9 -582.1 -589.9 -600.4 -611 -618.4 -622.1 -621.3 -615.3 -602 -578.8 -545.8 -503.4 -451.6 -393.7 -334.4 -274.2 -214.5 -156.3 -101.3
-389.4 -402.8 -415.8 -427.8 -438.5 -446.6 -451.4 -452.9 -451.1 -446.1 -439.3 -433 -427.1 -422.2 -418.4 -415.7 -414.5 -414.7 -416.3 -419.3 -423.5 -427.7 -432 -436.4 -441 -446.4 -454.3 -465.1 -479 -495.5 -514.4 -534.1 -553 -570.7 -586.6 -599.8 -607.9 -610 -606.4 -597.8 -584.3 -570.8 -560.4 -553.2 -549.4 -549.6 -552.4 -556.4 -561.5 -567 -573.1 -577.8 -580.1 -580.2 -578.1 -573.8 -570.1 -569.7 -572.2 -577.7 -586.1 -595.6 -603.7 -610 -613.6 -613.8 -607.6 -590.9 -563.6 -525.9 -477.7 -421.5 -362 -299.8 -236.5 -173.2 -112.5
-388.4 -401.8 -414.7 -426.6 -437 -444.9 -449.2 -450 -447.4 -441.4 -433.6 -426 -418.8 -412.4 -407.3 -403.6 -402.1 -402.8 -405.7 -410.8 -417.7 -424.6 -431.1 -437.4 -443.5 -449.6 -457.3 -467.2 -479.2 -493.3 -509.1 -526.4 -543.8 -561 -577.3 -592.1 -602.2 -606.7 -605.9 -600 -589.4 -578.7 -570.5 -565 -562.5 -563.4 -566.5 -570.4 -574.9 -579.8 -584.9 -588.1 -588.5 -586.2 -581.5 -574.2 -567.3 -563.6 -562.7 -565 -570.3 -577.8 -586 -594.5 -602.2 -608.5 -609.6 -599.9 -579.3 -547.5 -504.2 -451.4 -393.1 -330.5 -264.8 -197.4 -131.9
-387.5 -401.1 -414.2 -426 -436.1 -443.5 -447.1 -447.1 -443.6 -436.5 -427.4 -418.5 -409.9 -402.2 -395.9 -391.1 -389.4 -390.7 -395 -402.4 -412.2 -421.8 -430.9 -439.4 -447.2 -454.4 -462.2 -471.4 -481.8 -493.5 -506.5 -521.3 -537.1 -553.5 -570.2 -586.5 -598.6 -605.4 -607.3 -604.4 -596.9 -589.3 -583.6 -580 -578.9 -580.5 -583.9 -587.7 -592 -596.4 -600.6 -602.7 -601.8 -598.2 -592 -583.1 -574.4 -568.3 -564.8 -564.3 -566.7 -572 -579.9 -590 -601.2 -612.8 -620.6 -617.9 -604 -578.4 -540.8 -492.3 -436 -373 -304.8 -232.6 -160.7
-385.6 -399.3 -412.7 -424.9 -435.6 -443.5 -447.4 -447.1 -442.9 -434.8 -424.4 -413.9 -403.7 -394.5 -386.7 -380.8 -378.7 -380.6 -386.5 -396.2 -409.2 -422.1 -434.5 -446.1 -456.8 -466.5 -475.8 -485.3 -495 -505 -515.6 -527.9 -541.6 -556.3 -571.9 -587.6 -599.9 -607.9 -611.6 -611.2 -606.8 -602.2 -599.1 -597.6 -597.9 -600.2 -603.7 -607.1 -610.4 -613.2 -615.5 -615.7 -613.2 -608.3 -601.1 -591.7 -582.4 -575.4 -570.7 -568.7 -569.4 -573.2 -581 -592.2 -605.7 -620.9 -633.3 -635.3 -626.1 -605 -571.6 -526.3 -471.6 -408.7 -339.1 -263.9 -188
-389.1 -401.1 -413.2 -424.7 -435.2 -443.1 -446.8 -446.3 -441.6 -432.8 -421.5 -410 -398.8 -388.5 -379.6 -372.8 -370.6 -373.2 -380.5 -392.4 -408.5 -424.7 -440.5 -455.5 -469.5 -482 -493.4 -503.8 -513.4 -522.2 -530.5 -540.4 -551.7 -564.3 -577.9 -592.2 -603.6 -611.2 -615.3 -615.8 -612.9 -609.9 -608.4 -608.3 -609.9 -613.3 -617.4 -621.1 -624.4 -627 -628.6 -628 -624.6 -618.8 -610.7 -600.4 -590.3 -582.1 -576 -572.6 -571.7 -574.3 -581.9 -594.1 -609.6 -627.9 -644.4 -650.9 -646 -629.2 -600 -558.1 -506 -444.7 -375.9 -300.6 -223.6
-394.5 -405.1 -416.1 -426.8 -436.8 -444.5 -448.3 -447.9 -443.3 -434.8 -423.7 -412.1 -400.5 -389.8 -380.2 -372.4 -369.7 -372.4 -380.3 -393.4 -411.3 -429.9 -448.4 -466.6 -484.1 -500.2 -514 -525.8 -535.5 -543.2 -549.2 -556.4 -564.9 -574.4 -585.1 -596.5 -605.6 -611.7 -615 -615.4 -613.2 -611.3 -610.9 -612 -614.8 -619.3 -624.3 -628.7 -632.4 -635.1 -636.6 -635.7 -632.2 -626.2 -617.9 -607.7 -597.6 -589.2 -582.6 -578.6 -577.1 -578.9 -586.2 -598.6 -614.6 -633.8 -652.2 -661.4 -659.3 -645.6 -620.1 -582.1 -533.7 -475.6 -409.8 -337 -261.6
-408.4 -416.8 -425.7 -434.2 -442.1 -447.9 -450.2 -448.7 -443.6 -435 -424.2 -412.9 -401.6 -391 -381.6 -373.8 -371.3 -374.4 -382.8 -396.6 -415.6 -435.7 -456.3 -477 -497.3 -516.4 -532.5 -545.4 -555.3 -562.1 -565.9 -570.5 -575.8 -581.9 -588.7 -596.4 -602.4 -606.4 -608.5 -608.7 -607.3 -606.5 -607.3 -609.7 -613.8 -619.5 -625.4 -630.4 -634.4 -637.2 -638.5 -637.7 -634.8 -629.9 -623.2 -615.1 -607.4 -601.3 -597 -595.1 -595.3 -598.4 -606 -617.7 -632.3 -649.3 -665.1 -672.3 -669.6 -656.6 -632.6 -597.2 -551.6 -497.1 -434.7 -365.6 -293.8
-418.9 -425.3 -431.8 -438 -443.5 -447 -447.3 -444.4 -438.3 -429.2 -418.2 -406.9 -396.3 -386.7 -378.4 -372.1 -370.9 -374.9 -383.9 -398.2 -417.5 -438.5 -460.4 -482.8 -505.3 -527 -545.2 -559.7 -570.6 -577.6 -581.1 -584.5 -588 -591.6 -595.5 -599.6 -602.8 -604.6 -605.3 -604.8 -603.5 -603.1 -604.4 -607.4 -612.3 -618.6 -625.2 -630.9 -635.6 -639.1 -641.2 -641.4 -639.9 -636.8 -632.4 -626.9 -621.8 -618.1 -615.8 -615.6 -617.2 -621.3 -630 -642.8 -658.4 -676.4 -693.8 -703 -702.3 -691.3 -669.8 -636.6 -592.7 -539 -477.1 -407.5 -334.5
-435.8 -440.1 -444.5 -448.7 -452.4 -454.4 -453.7 -450.2 -443.9 -435 -424.7 -414.1 -404 -394.8 -386.9 -380.6 -379.2 -382.9 -391.4 -404.9 -423.1 -443.4 -465.3 -488.1 -511.5 -534.8 -554.6 -570.5 -582.8 -591.1 -595.7 -599.4 -602.5 -604.9 -606.9 -608.7 -609.7 -609.8 -609.2 -607.9 -606.2 -605.7 -606.8 -609.6 -614.2 -620.3 -626.7 -632.4 -637.3 -641.4 -644.3 -645.8 -646 -645.1 -643.2 -640.6 -638.3 -636.7 -636 -636.6 -638.5 -642.4 -650.5 -662.7 -677.7 -695.1 -712.3 -722.3 -723.1 -714.5 -696.1 -666.6 -625.9 -575 -515.2 -447.2 -374.5
-454.3 -457.5 -460.6 -463.3 -465.4 -465.9 -463.9 -459.2 -452.1 -442.8 -432.2 -421.7 -412.2 -404 -397.3 -392.5 -392.3 -396.8 -405.9 -419.5 -437.5 -457.5 -478.9 -501.2 -524.2 -547.2 -566.9 -583 -595.6 -604.6 -610 -613.9 -616.6 -618.3 -618.9 -618.7 -617.9 -616.4 -614.4 -612 -609.5 -608.3 -609 -611.6 -616.1 -622.2 -628.8 -634.8 -640.1 -644.5 -647.9 -650.2 -651.4 -651.7 -651.2 -650.2 -649.5 -649.3 -649.7 -651.2 -653.7 -657.9 -665.9 -677.7 -692 -708.7 -725.5 -736.2 -739.2 -734.1 -720.4 -696.6 -661.9 -616.5 -561.9 -498.7 -430.3
-466.7 -469 -470.9 -472.1 -472.4 -471 -467.3 -461.3 -453.3 -443.3 -432.5 -422.6 -414.1 -407.4 -402.7 -400.3 -402.2 -408.2 -418.3 -432.5 -450.6 -470.1 -490.6 -511.6 -533 -554.1 -572.2 -587.2 -599.1 -607.6 -612.6 -616.2 -618.4 -619.1 -618.6 -617 -614.6 -611.4 -607.6 -603.3 -599 -596.5 -596.3 -598.5 -603.3 -610.3 -617.9 -625.2 -632.2 -638.5 -643.9 -647.8 -650.7 -652.4 -653 -653 -653.3 -654.2 -655.9 -659.1 -663.3 -669.3 -678.7 -691.7 -707 -724.4 -742 -754.8 -760.9 -759.9 -751.4 -734 -705.4 -665.6 -616.1 -557.4 -492.2
-481.5 -483.1 -483.7 -483.2 -481.5 -477.9 -472.2 -464.5 -455.2 -444.3 -433 -422.9 -414.6 -408.5 -404.7 -403.5 -406.1 -412.5 -422.5 -436.2 -453.4 -471.9 -491.3 -511.2 -531.2 -550.7 -568.1 -582.9 -595.1 -604.3 -610.5 -615 -617.7 -618.6 -618.1 -616.3 -613.2 -609.3 -604.7 -599.5 -594.4 -591.3 -590.7 -592.6 -597.3 -604.4 -612.3 -619.8 -627.1 -633.9 -639.7 -644.2 -647.9 -650.7 -652.7 -654.1 -656.1 -658.9 -662.6 -667.8 -674.2 -682.3 -693.4 -707.8 -724.2 -742.6 -761.2 -776 -785 -787.6 -783.7 -771.9 -748.8 -714.3 -669.9 -616.1 -554.8
-495.5 -496.5 -496 -493.9 -490.2 -484.7 -477.1 -467.7 -457 -445 -432.8 -421.8 -412.9 -406.5 -402.4 -400.9 -403.3 -409.7 -419.8 -433.4 -450.7 -469.4 -489 -509.3 -530.1 -550.8 -569.3 -585 -598.2 -608.6 -616 -621.2 -624.3 -625.2 -624 -621 -617 -612.2 -606.9 -601 -595.3 -591.7 -590.5 -591.9 -596.1 -602.6 -609.8 -616.7 -623.2 -629.1 -634.2 -638.4 -642 -645 -647.7 -650.2 -653.5 -657.9 -663.4 -670.6 -679.1 -689.2 -702 -717.7 -735.1 -754.1 -773.5 -789.8 -801.4 -807.7 -808.3 -802.1 -785.2 -757.3 -719.7 -672.8 -618.2
-503.4 -504.1 -502.8 -499.5 -494.3 -487.1 -477.9 -467.3 -455.5 -442.8 -430 -418.8 -410 -403.7 -400.1 -399.2 -402.3 -409.4 -420.1 -434.5 -452.5 -471.6 -491.3 -511.5 -531.9 -551.9 -569.9 -585.4 -598.6 -609.1 -616.7 -622.2 -625.7 -627.1 -626.5 -624.2 -620.5 -615.9 -610.5 -604.3 -598.1 -593.9 -591.9 -592.3 -595.3 -600.6 -606.8 -613.1 -619.3 -625.5 -631.2 -636.1 -640.5 -644.5 -648.1 -651.5 -655.7 -660.8 -666.9 -674.7 -683.9 -694.5 -707.8 -723.9 -741.8 -761.3 -781.6 -799.9 -814.5 -824.7 -830.4 -830.3 -820.2 -799.4 -769.3 -729.9 -682.6
-506 -507.7 -506.8 -503.3 -497.4 -489.2 -479.1 -467.7 -455.3 -442.2 -429 -417.6 -408.9 -402.9 -399.7 -399.3 -403 -410.4 -421.2 -435.6 -453.5 -472.3 -491.4 -510.8 -530.3 -549.5 -566.8 -581.9 -594.8 -605.4 -613.2 -619.1 -622.9 -624.6 -624.3 -622.1 -618.8 -614.6 -609.7 -604.1 -598.5 -594.7 -593 -593.3 -596.1 -601 -606.9 -613 -619.6 -626.3 -632.8 -638.9 -644.7 -650.2 -655.4 -660.5 -666.1 -672.3 -679.2 -687.2 -696.4 -706.7 -719.2 -734.3 -751.3 -769.8 -789.4 -808.4 -825 -838.5 -848.9 -855 -851.7 -838.1 -815.4 -783.6 -743.5
-508.3 -510.4 -509.7 -506.1 -500 -491.7 -481.7 -470.4 -458.4 -445.8 -433.4 -422.6 -414.3 -408.6 -405.7 -405.4 -408.7 -415.6 -425.8 -439.2 -455.7 -473 -490.5 -508.2 -525.9 -543.3 -559.1 -573.2 -585.5 -595.9 -603.9 -610.2 -614.6 -617 -617.4 -616.1 -613.7 -610.3 -606.3 -601.6 -596.7 -593.4 -591.7 -592 -594.4 -598.7 -603.8 -609.5 -615.5 -621.9 -628.4 -635 -641.9 -649 -656.3 -663.9 -672.1 -680.7 -689.5 -699 -709 -719.9 -732.4 -746.9 -763.1 -780.7 -799.4 -818.2 -836 -852.1 -866.1 -876.9 -879 -871.2 -854.7 -829.3 -795.7
-503.8 -506.3 -506.2 -503.3 -497.8 -490.1 -480.8 -470 -458.4 -446.2 -433.8 -423.2 -415.1 -409.5 -406.7 -406.8 -410.4 -417.4 -427.5 -440.8 -457.3 -474.1 -490.7 -507.1 -523.1 -538.4 -552.6 -565.4 -576.9 -586.9 -595.1 -601.7 -606.7 -609.9 -611.5 -611.5 -610 -607.3 -603.6 -598.8 -593.4 -589.2 -586.4 -585.2 -585.8 -588.2 -591.7 -596.1 -601.5 -607.7 -614.7 -622.2 -630.4 -639.2 -648.5 -658.4 -668.6 -678.8 -688.8 -699.1 -709.6 -720.7 -733.9 -749.7 -767.6 -787.4 -809.1 -831.5 -853 -873 -891.3 -906.5 -913.1 -909.4 -896.7 -875 -844.3
-496.5 -499.6 -500.3 -498.6 -494.6 -488.6 -480.6 -470.8 -459.8 -447.8 -435.2 -423.9 -414.6 -407.6 -403 -401 -403 -409.2 -419 -432.6 -449.9 -467.1 -484.1 -500.6 -516.4 -531.1 -544.7 -556.7 -567.3 -576.3 -583.4 -589.5 -594.3 -597.8 -600.1 -601.3 -600.6 -598.3 -594.6 -589.5 -583.4 -578.2 -574.4 -571.7 -570.7 -571.4 -573.5 -576.9 -581.5 -587.6 -594.8 -603.1 -612.5 -623.1 -634.7 -647.1 -659.9 -672.5 -684.6 -696.5 -708.2 -720.1 -733.6 -749.4 -767.2 -786.7 -808.1 -830.8 -853.8 -876 -897.3 -916.5 -927.2 -927.8 -919.4 -901.9 -875.3
-484.1 -488.2 -490.4 -490.5 -488.5 -484.7 -478.4 -469.5 -458.6 -446.1 -432 -418.6 -407.2 -397.8 -390.6 -385.5 -385.5 -390.9 -400.8 -415.5 -435.3 -454.8 -473.2 -491 -507.8 -523.4 -537.2 -549 -559 -567.1 -572.5 -577.5 -581.6 -584.7 -586.7 -587.9 -587.3 -584.9 -581.1 -575.6 -569.1 -563.6 -559.3 -556.5 -555.5 -556.3 -558.5 -562.1 -567.1 -573.6 -581.4 -590.5 -601.1 -613.1 -626.4 -640.7 -655.5 -669.9 -683.5 -696.7 -709.2 -721.5 -734.9 -750.1 -767 -785.2 -805.1 -826.9 -849.6 -872.2 -894.6 -915.4 -928.1 -931 -924.9 -909.8 -885.5
-474.2 -478.5 -481.1 -481.8 -480.6 -477.6 -472.1 -464.1 -454.1 -442.3 -429.1 -416.2 -404.9 -395.2 -387.4 -381.6 -380.7 -385.1 -394 -407.6 -426.2 -444.6 -462.3 -479.5 -495.8 -510.9 -524.5 -536.2 -546.1 -554.2 -559.9 -565 -569.3 -572.6 -575.1 -576.9 -576.5 -574.2 -570.3 -564.6 -557.6 -551.6 -546.8 -543.2 -541.3 -541.3 -543 -546.6 -551.8 -559.2 -568.4 -579.2 -592 -606.9 -623.2 -640.6 -658.5 -675.4 -690.9 -705.3 -718.4 -730.6 -743.5 -757.8 -773.5 -790.4 -808.9 -829.4 -851 -872.7 -894.3 -914.6 -927.1 -929.5 -923.1 -907.8 -883.1
-470.4 -475 -478 -479.2 -478.8 -476.7 -472.1 -464.8 -455.4 -444.1 -431 -418.2 -406.8 -396.8 -388.5 -382.2 -380.6 -384.2 -392.5 -405.4 -423.2 -441 -458.2 -475 -491 -505.9 -519.1 -530.6 -540.1 -547.7 -552.9 -557.4 -560.8 -563.2 -564.6 -565.2 -564.1 -561.4 -557.6 -552.3 -546.2 -540.8 -536.4 -533 -531 -530.6 -532 -535.4 -540.8 -548.5 -558.4 -570.5 -585.1 -602.3 -621.5 -642.3 -663.3 -682.9 -700.6 -716.3 -730.2 -742.6 -755.1 -768.6 -783.1 -798.3 -814.9 -833.3 -852.5 -871.9 -891.2 -909 -919.4 -920.3 -912.7 -896.5 -871.5
-464.2 -469.2 -472.9 -475.1 -475.8 -475 -471.8 -465.7 -457.5 -447.1 -434.9 -422.6 -411.5 -401.6 -393.1 -386.2 -384.1 -387.4 -395.3 -407.8 -425.5 -443.2 -460.3 -477.1 -493.3 -508.8 -522.1 -533.1 -542 -548.7 -552.5 -555.5 -557.5 -558.3 -557.9 -556.6 -554 -550.5 -546 -540.7 -534.8 -529.6 -525.3 -522 -519.9 -519.3 -520.5 -523.9 -529.4 -537.5 -548 -561.2 -577.3 -596.5 -618.2 -642 -665.9 -688.1 -708 -725.4 -740.3 -753.3 -765.7 -778.3 -791.3 -804.4 -818.4 -833.9 -850.4 -867.2 -884.1 -899.6 -908 -907.3 -898.4 -881.1 -855.4
-458.7 -463.7 -467.7 -470.5 -472.1 -472.3 -470.3 -465.6 -458.6 -449.6 -438.6 -427.6 -417.9 -409.3 -402.1 -396.6 -395.3 -398.9 -406.6 -418.6 -435.4 -451.9 -467.6 -482.8 -497.2 -510.5 -522 -531.4 -538.9 -544.3 -546.9 -548.8 -549.8 -549.5 -548.2 -546.2 -543 -538.8 -533.9 -528.3 -522.3 -516.9 -512.3 -508.6 -506.1 -505.1 -506 -509.4 -515.3 -524 -535.5 -550 -567.9 -589.2 -613.4 -640 -666.8 -691.5 -713.4 -732.5 -748.5 -762 -774.4 -786.5 -798.3 -809.7 -821.6 -835 -849.4 -864 -878.8 -892.3 -898.6 -895.9 -884.9 -865.6 -837.8
-455.6 -460.6 -464.6 -467.6 -469.5 -470.2 -468.9 -465 -459.2 -451.3 -441.6 -431.9 -423.3 -415.8 -409.4 -404.4 -403.3 -406.5 -413.4 -424.2 -439.1 -454 -468.1 -481.7 -494.8 -506.9 -517.4 -525.9 -532.6 -537.3 -539.5 -541 -541.4 -540.6 -538.7 -536 -532.3 -527.7 -522.5 -516.7 -510.7 -505.2 -500.4 -496.5 -493.7 -492.4 -493.1 -496.5 -502.5 -511.6 -523.7 -539.3 -558.7 -581.8 -608.2 -637.4 -666.9 -693.8 -717.7 -738.3 -755.4 -769.5 -781.8 -793.2 -803.7 -813.3 -823 -834 -846 -858.4 -871.1 -882.5 -886.6 -881.5 -868.2 -846.4 -815.9
