Codes/Calculating the total magnetization direction using VG-TG method/Za.grd
DSAA
301 176
38576000 38582000
3332500 3336000
-1320.418 6582.0698
[rows 0 to 34 of 176, columns 154 to 230 of 301]
148.4 145.8 141.9 137.1 131.4 125 118.6 112.5 106.8 101.5 96.91 93.2 90.35 88.38 87.3 86.75 84.82 81.34 76.57 70.55 63.27 55.92 48.85 41.94 35.11 28.19 22.87 19.03 16.52 15.38 15.59 15.87 16.22 16.66 17.22 17.78 17.13 15.37 12.6 8.678 3.62 -1.5 -6.596 -11.64 -16.65 -21.54 -26.22 -30.72 -35.05 -39.27 -43.29 -47.25 -51.18 -55.17 -59.13 -62.97 -66.38 -69.07 -71.06 -72.28 -72.81 -72.85 -72.58 -72.09 -71.45 -70.68 -70.03 -70.01 -70.82 -72.37 -74.61 -77.37 -80.19 -83.06 -85.92 -88.72 -91.36
138.5 136 132.6 128.5 123.6 118 112.4 106.9 101.6 96.43 91.82 87.97 84.88 82.55 81 79.97 77.83 74.37 69.83 64.27 57.68 51.06 44.71 38.54 32.46 26.28 21.71 18.55 16.66 16.13 16.92 17.56 18.07 18.47 18.78 18.92 17.68 15.25 11.69 6.873 0.864 -4.989 -10.63 -16.05 -21.2 -26.01 -30.52 -34.79 -38.83 -42.68 -46.32 -49.87 -53.38 -56.88 -60.36 -63.7 -66.66 -69 -70.74 -71.84 -72.36 -72.5 -72.45 -72.25 -72 -71.69 -71.52 -71.89 -72.96 -74.64 -76.9 -79.61 -82.41 -85.28 -88.17 -91.05 -93.85
128.7 126.9 124.3 121.1 117.3 112.8 108.1 103.2 98.32 93.31 88.58 84.4 80.86 77.99 75.77 73.97 71.31 67.7 63.29 58.12 52.18 46.32 40.75 35.42 30.25 25.13 21.34 18.76 17.26 16.9 17.64 18.14 18.4 18.43 18.2 17.64 15.82 12.87 8.848 3.638 -2.618 -8.688 -14.48 -19.96 -25.06 -29.73 -34.06 -38.11 -41.9 -45.43 -48.73 -51.93 -55.03 -58.05 -61 -63.8 -66.25 -68.16 -69.56 -70.46 -70.92 -71.12 -71.24 -71.35 -71.52 -71.74 -72.13 -72.95 -74.33 -76.17 -78.46 -81.1 -83.86 -86.72 -89.63 -92.56 -95.46
119.4 118.3 116.5 114.2 111.3 107.7 103.6 99.25 94.55 89.56 84.63 80.12 76.2 72.87 70.12 67.76 64.83 61.18 56.96 52.21 46.93 41.8 36.97 32.39 28.03 23.8 20.66 18.5 17.21 16.87 17.4 17.64 17.58 17.22 16.53 15.44 13.21 9.937 5.683 0.323 -5.952 -11.99 -17.69 -23.04 -27.93 -32.34 -36.4 -40.18 -43.69 -46.94 -49.98 -52.92 -55.74 -58.44 -61.06 -63.52 -65.64 -67.31 -68.57 -69.42 -69.92 -70.27 -70.64 -71.07 -71.61 -72.27 -73.11 -74.31 -75.93 -77.93 -80.27 -82.92 -85.68 -88.54 -91.48 -94.46 -97.44
112 111.3 110.1 108.3 106 103 99.54 95.49 90.98 86.02 80.96 76.19 71.93 68.16 64.9 61.98 58.73 55.05 51.04 46.71 42.05 37.62 33.51 29.67 26.04 22.55 20 18.22 17.13 16.76 17.1 17.07 16.66 15.87 14.7 13.11 10.45 6.859 2.395 -3.041 -9.251 -15.18 -20.74 -25.88 -30.5 -34.61 -38.37 -41.9 -45.18 -48.22 -51.07 -53.83 -56.42 -58.85 -61.15 -63.26 -65.03 -66.41 -67.44 -68.14 -68.58 -68.96 -69.43 -70.04 -70.85 -71.85 -73.04 -74.57 -76.49 -78.71 -81.25 -84.08 -87.04 -90.11 -93.25 -96.45 -99.64
105.8 105.2 104.3 102.8 100.9 98.28 95.09 91.28 86.93 82.07 76.97 72.04 67.52 63.39 59.65 56.21 52.67 48.98 45.21 41.35 37.39 33.85 30.71 27.94 25.58 23.65 22.17 21.11 20.44 20.2 20.33 19.86 18.85 17.29 15.11 12.21 8.624 4.343 -0.628 -6.371 -12.6 -18.51 -23.99 -29.01 -33.45 -37.34 -40.88 -44.16 -47.2 -49.95 -52.52 -54.97 -57.2 -59.2 -61.02 -62.6 -63.86 -64.82 -65.52 -66.01 -66.35 -66.74 -67.31 -68.11 -69.19 -70.53 -72.13 -74.06 -76.31 -78.83 -81.65 -84.79 -88.13 -91.67 -95.35 -99.17 -103.1
98.91 98.21 97.3 96.01 94.31 92.09 89.29 85.87 81.88 77.34 72.5 67.68 63.07 58.67 54.51 50.5 46.65 42.92 39.34 35.89 32.57 29.76 27.41 25.49 24.01 23.01 22.27 21.7 21.3 21.07 20.97 20.19 18.77 16.69 13.91 10.38 6.237 1.506 -3.796 -9.735 -16.01 -21.93 -27.4 -32.39 -36.76 -40.53 -43.91 -46.99 -49.78 -52.2 -54.4 -56.42 -58.15 -59.54 -60.68 -61.57 -62.17 -62.56 -62.84 -63.05 -63.25 -63.6 -64.15 -64.93 -66.03 -67.41 -69.03 -71.02 -73.44 -76.2 -79.33 -82.89 -86.84 -91.12 -95.67 -100.5 -105.5
97.87 96.94 95.73 94.13 92.13 89.63 86.57 82.92 78.76 74.13 69.25 64.44 59.86 55.52 51.49 47.73 44.12 40.67 37.43 34.38 31.45 28.94 26.87 25.18 23.82 22.76 22.01 21.48 21.08 20.85 20.75 19.94 18.46 16.33 13.52 9.986 5.778 0.976 -4.38 -10.35 -16.69 -22.62 -28.06 -32.97 -37.23 -40.86 -44.06 -46.95 -49.51 -51.72 -53.68 -55.44 -56.94 -58.14 -59.13 -59.86 -60.33 -60.64 -60.87 -61.01 -61.15 -61.43 -61.82 -62.35 -63.13 -64.16 -65.39 -67.13 -69.48 -72.37 -75.8 -79.83 -84.34 -89.25 -94.45 -99.93 -105.5
96.93 95.92 94.59 92.79 90.55 87.75 84.28 80.16 75.5 70.32 64.8 59.5 54.74 50.46 46.64 43.29 40.22 37.36 34.74 32.35 30.19 28.38 26.77 25.39 24.26 23.33 22.65 22.16 21.79 21.56 21.42 20.59 19.09 16.93 14.05 10.45 6.177 1.309 -4.127 -10.19 -16.59 -22.59 -28.09 -33.04 -37.3 -40.91 -44.05 -46.83 -49.23 -51.23 -52.96 -54.49 -55.76 -56.75 -57.55 -58.13 -58.47 -58.7 -58.89 -59.01 -59.16 -59.44 -59.78 -60.17 -60.75 -61.51 -62.47 -64.04 -66.38 -69.39 -73.09 -77.55 -82.49 -87.81 -93.42 -99.27 -105.2
94.37 93.27 91.81 89.98 87.76 84.96 81.49 77.41 72.84 67.77 62.46 57.42 52.97 49.03 45.63 42.76 40.1 37.56 35.2 32.99 30.91 29.13 27.59 26.27 25.15 24.21 23.51 22.98 22.56 22.31 22.17 21.29 19.75 17.57 14.71 11.12 6.873 2.035 -3.385 -9.482 -15.95 -22 -27.56 -32.64 -37.08 -40.86 -44.14 -47 -49.42 -51.35 -52.94 -54.29 -55.33 -56.07 -56.58 -56.87 -56.94 -56.93 -56.9 -56.85 -56.86 -57 -57.18 -57.41 -57.83 -58.42 -59.24 -60.73 -63.07 -66.13 -69.95 -74.6 -79.73 -85.2 -90.94 -96.9 -102.9
88.38 87.47 86.43 85.11 83.46 81.31 78.57 75.22 71.26 66.78 62.05 57.57 53.55 49.97 46.85 44.15 41.6 39.05 36.61 34.24 31.9 29.91 28.23 26.81 25.66 24.77 23.94 23.14 22.33 21.49 20.6 19.17 17.24 14.8 11.83 8.27 4.287 -0.123 -4.941 -10.18 -15.64 -20.99 -26.09 -30.9 -35.36 -39.41 -42.98 -46.11 -48.8 -50.97 -52.7 -54.07 -55.04 -55.57 -55.77 -55.65 -55.32 -54.94 -54.59 -54.29 -54.11 -54.11 -54.18 -54.33 -54.68 -55.22 -55.98 -57.37 -59.53 -62.41 -66 -70.34 -75.24 -80.62 -86.37 -92.42 -98.55
88.73 87.77 86.58 85.09 83.32 81.11 78.36 75.08 71.37 67.23 62.87 58.67 54.84 51.37 48.26 45.45 42.73 40.06 37.49 34.97 32.48 30.36 28.57 27.05 25.84 24.96 23.96 22.86 21.63 20.24 18.65 16.73 14.46 11.85 8.884 5.476 1.866 -2.017 -6.171 -10.58 -15.1 -19.72 -24.27 -28.72 -33.03 -37.13 -40.8 -44.04 -46.84 -49.13 -50.94 -52.35 -53.32 -53.82 -53.93 -53.68 -53.18 -52.6 -52.03 -51.5 -51.08 -50.86 -50.74 -50.74 -51 -51.51 -52.29 -53.75 -56.08 -59.15 -62.99 -67.67 -72.9 -78.57 -84.59 -90.9 -97.27
88.38 86.88 85.24 83.4 81.34 78.94 76.14 73 69.52 65.74 61.82 58.06 54.59 51.4 48.49 45.86 43.29 40.7 38.16 35.65 33.17 30.99 29.09 27.44 26.02 24.87 23.62 22.27 20.8 19.15 17.34 15.27 12.95 10.38 7.583 4.485 1.209 -2.299 -6.026 -9.962 -14.02 -18.2 -22.38 -26.52 -30.58 -34.52 -38.11 -41.32 -44.13 -46.49 -48.41 -49.91 -50.94 -51.5 -51.62 -51.34 -50.76 -50.07 -49.35 -48.63 -47.98 -47.52 -47.22 -47.11 -47.32 -47.87 -48.77 -50.46 -53.12 -56.63 -60.99 -66.24 -72.01 -78.15 -84.57 -91.21 -97.82
88.57 86.47 84.29 82.01 79.61 77.04 74.26 71.29 68.16 64.86 61.5 58.23 55.09 52.09 49.26 46.56 43.87 41.2 38.58 35.99 33.39 31.16 29.25 27.63 26.3 25.3 24.16 22.88 21.46 19.84 18.05 15.96 13.6 11 8.129 4.929 1.652 -1.781 -5.373 -9.104 -12.91 -16.86 -20.88 -24.91 -28.94 -32.9 -36.55 -39.85 -42.8 -45.3 -47.36 -48.95 -50.01 -50.49 -50.46 -49.97 -49.13 -48.14 -47.07 -46.01 -45.05 -44.3 -43.84 -43.73 -44.07 -44.87 -46.16 -48.3 -51.39 -55.31 -60.07 -65.68 -71.74 -78.1 -84.65 -91.34 -97.94
88.04 85.51 82.94 80.33 77.68 74.96 72.18 69.35 66.5 63.61 60.71 57.83 54.98 52.16 49.39 46.66 43.92 41.17 38.45 35.75 33.07 30.76 28.77 27.08 25.74 24.78 23.67 22.43 21.08 19.58 17.9 15.93 13.73 11.28 8.554 5.474 2.338 -0.955 -4.43 -8.083 -11.83 -15.75 -19.76 -23.85 -27.96 -32.03 -35.8 -39.2 -42.22 -44.76 -46.83 -48.44 -49.52 -50.09 -50.17 -49.79 -49.06 -48.12 -47.02 -45.83 -44.65 -43.65 -42.96 -42.63 -42.81 -43.5 -44.74 -46.83 -49.89 -53.81 -58.58 -64.13 -70.13 -76.39 -82.81 -89.37 -95.92
84.73 82.09 79.56 77.13 74.76 72.43 70.1 67.75 65.35 62.91 60.43 57.91 55.31 52.65 49.93 47.16 44.35 41.5 38.65 35.79 32.94 30.32 27.97 25.84 23.92 22.18 20.55 18.97 17.38 15.78 14.15 12.44 10.63 8.713 6.739 4.654 2.237 -0.516 -3.569 -6.935 -10.59 -14.48 -18.52 -22.69 -26.95 -31.19 -35.1 -38.62 -41.71 -44.29 -46.35 -47.92 -48.96 -49.45 -49.43 -48.97 -48.15 -47.1 -45.88 -44.59 -43.31 -42.23 -41.52 -41.27 -41.57 -42.43 -43.88 -46.09 -49.16 -52.97 -57.5 -62.65 -68.04 -73.55 -79.08 -84.57 -89.88
81.81 79.41 77.22 75.21 73.35 71.56 69.71 67.76 65.72 63.55 61.26 58.85 56.33 53.71 50.97 48.14 45.28 42.39 39.49 36.61 33.78 31.16 28.76 26.58 24.63 22.9 21.23 19.59 17.97 16.36 14.73 13.08 11.41 9.677 7.865 5.93 3.738 1.192 -1.721 -5.013 -8.632 -12.51 -16.55 -20.72 -24.95 -29.16 -33.11 -36.65 -39.78 -42.4 -44.51 -46.13 -47.19 -47.68 -47.64 -47.12 -46.23 -45.12 -43.87 -42.57 -41.32 -40.33 -39.84 -39.93 -40.64 -41.99 -43.95 -46.53 -49.72 -53.44 -57.67 -62.31 -67.04 -71.78 -76.45 -81.03 -85.43
79.08 77.05 75.31 73.81 72.52 71.33 70.06 68.64 67.04 65.26 63.3 61.13 58.74 56.15 53.38 50.43 47.41 44.36 41.3 38.26 35.26 32.51 30.03 27.81 25.86 24.14 22.49 20.89 19.31 17.74 16.16 14.68 13.29 11.98 10.75 9.516 7.902 5.822 3.285 0.251 -3.267 -7.199 -11.42 -15.91 -20.62 -25.43 -29.86 -33.83 -37.31 -40.2 -42.46 -44.18 -45.31 -45.82 -45.79 -45.25 -44.34 -43.22 -41.96 -40.69 -39.48 -38.57 -38.22 -38.5 -39.44 -41.06 -43.26 -45.96 -49.12 -52.67 -56.58 -60.75 -64.98 -69.18 -73.31 -77.33 -81.2
77.52 75.45 73.76 72.43 71.41 70.51 69.53 68.39 67.05 65.5 63.71 61.67 59.38 56.84 54.07 51.1 48.06 45 41.94 38.91 35.97 33.29 30.86 28.71 26.82 25.2 23.62 22.07 20.54 19 17.46 16.07 14.82 13.7 12.67 11.67 10.35 8.546 6.251 3.437 0.105 -3.714 -7.896 -12.4 -17.16 -22.07 -26.67 -30.8 -34.44 -37.48 -39.89 -41.75 -43.02 -43.69 -43.8 -43.41 -42.64 -41.64 -40.49 -39.31 -38.18 -37.35 -37.12 -37.55 -38.66 -40.45 -42.84 -45.59 -48.66 -52 -55.57 -59.25 -62.92 -66.55 -70.09 -73.5 -76.78
76.42 74.75 73.36 72.21 71.29 70.44 69.47 68.33 67 65.44 63.66 61.62 59.36 56.88 54.18 51.29 48.32 45.32 42.31 39.32 36.4 33.76 31.41 29.34 27.57 26.08 24.62 23.18 21.75 20.3 18.85 17.5 16.3 15.19 14.15 13.12 11.82 10.08 7.886 5.216 2.07 -1.543 -5.515 -9.8 -14.34 -19.04 -23.48 -27.51 -31.1 -34.14 -36.63 -38.57 -39.93 -40.7 -40.91 -40.61 -39.92 -39.02 -37.97 -36.9 -35.87 -35.16 -35.06 -35.63 -36.88 -38.83 -41.34 -44.18 -47.31 -50.67 -54.2 -57.8 -61.29 -64.65 -67.84 -70.81 -73.58
75.94 74.28 72.9 71.77 70.86 70.03 69.12 68.11 66.95 65.61 64.09 62.29 60.22 57.87 55.26 52.4 49.43 46.39 43.31 40.22 37.2 34.48 32.07 29.98 28.21 26.73 25.3 23.9 22.5 21.11 19.7 18.41 17.27 16.23 15.3 14.4 13.22 11.61 9.579 7.083 4.117 0.713 -3.039 -7.096 -11.4 -15.87 -20.12 -23.99 -27.44 -30.39 -32.82 -34.7 -35.96 -36.63 -36.72 -36.26 -35.42 -34.43 -33.35 -32.28 -31.31 -30.73 -30.8 -31.57 -33.1 -35.37 -38.2 -41.4 -44.93 -48.69 -52.63 -56.66 -60.48 -63.96 -67.11 -69.92 -72.38
76.31 74.67 73.29 72.14 71.21 70.38 69.53 68.63 67.64 66.52 65.23 63.63 61.72 59.48 56.92 54.08 51.1 48.03 44.91 41.78 38.75 36.01 33.58 31.48 29.72 28.24 26.79 25.33 23.87 22.35 20.78 19.37 18.12 16.99 15.96 14.98 13.81 12.27 10.37 8.075 5.377 2.226 -1.293 -5.129 -9.226 -13.51 -17.61 -21.34 -24.65 -27.45 -29.73 -31.33 -32.11 -32.09 -31.34 -29.91 -28.13 -26.42 -24.88 -23.66 -22.82 -22.63 -23.29 -24.84 -27.25 -30.49 -34.27 -38.22 -42.24 -46.23 -50.15 -53.95 -57.51 -60.77 -63.71 -66.31 -68.56
77.26 75.74 74.44 73.35 72.47 71.68 70.89 70.07 69.17 68.18 67 65.49 63.61 61.38 58.79 55.88 52.8 49.63 46.39 43.12 39.91 37.04 34.52 32.33 30.51 29 27.53 26.07 24.62 23.17 21.73 20.39 19.22 18.17 17.22 16.32 15.2 13.69 11.79 9.462 6.694 3.511 -0.018 -3.844 -7.904 -12.12 -16.1 -19.65 -22.73 -25.25 -27.19 -28.42 -28.77 -28.32 -27.12 -25.19 -23.01 -21.12 -19.57 -18.49 -17.97 -18.22 -19.35 -21.33 -24.14 -27.77 -31.82 -35.83 -39.76 -43.54 -47.08 -50.4 -53.54 -56.42 -59.05 -61.42 -63.52
76.93 75.68 74.69 73.91 73.34 72.83 72.26 71.59 70.78 69.8 68.58 67 65.05 62.74 60.06 57.08 54.01 50.89 47.77 44.7 41.77 39.07 36.61 34.42 32.48 30.72 28.99 27.27 25.55 23.8 22.06 20.57 19.34 18.35 17.57 16.96 16.07 14.72 12.92 10.63 7.843 4.646 1.139 -2.639 -6.607 -10.67 -14.42 -17.68 -20.39 -22.46 -23.91 -24.65 -24.57 -23.74 -22.22 -20.06 -17.77 -15.89 -14.47 -13.63 -13.47 -14.11 -15.55 -17.79 -20.78 -24.51 -28.54 -32.44 -36.21 -39.77 -43.02 -46.04 -48.92 -51.59 -54.05 -56.31 -58.33
75.79 74.78 74.07 73.6 73.35 73.15 72.81 72.31 71.58 70.6 69.34 67.71 65.71 63.34 60.63 57.66 54.64 51.63 48.67 45.8 43.08 40.59 38.31 36.24 34.4 32.7 30.94 29.12 27.25 25.31 23.37 21.67 20.28 19.17 18.31 17.64 16.76 15.48 13.78 11.63 9.025 6.099 2.988 -0.248 -3.537 -6.817 -9.754 -12.19 -14.09 -15.42 -16.16 -16.35 -15.92 -14.93 -13.48 -11.6 -9.691 -8.29 -7.439 -7.219 -7.696 -8.965 -10.94 -13.6 -16.87 -20.73 -24.81 -28.74 -32.47 -35.96 -39.14 -42.1 -44.92 -47.55 -50 -52.27 -54.23
75.92 75.09 74.54 74.23 74.12 74.02 73.74 73.25 72.5 71.45 70.08 68.35 66.25 63.8 61.01 57.99 54.97 51.99 49.1 46.34 43.75 41.38 39.21 37.24 35.47 33.84 32.13 30.33 28.46 26.52 24.56 22.82 21.39 20.23 19.3 18.59 17.73 16.51 14.94 13.01 10.69 8.131 5.488 2.812 0.158 -2.414 -4.63 -6.363 -7.589 -8.309 -8.525 -8.32 -7.71 -6.777 -5.596 -4.208 -2.931 -2.178 -1.993 -2.435 -3.528 -5.261 -7.45 -10.08 -13.08 -16.44 -19.89 -23.29 -26.65 -29.93 -33.06 -36.14 -39.31 -42.5 -45.63 -48.75 -51.74
76.92 76.23 75.8 75.58 75.52 75.44 75.13 74.56 73.7 72.51 71 69.18 67.01 64.54 61.79 58.88 55.94 53.03 50.19 47.45 44.83 42.38 40.1 37.98 36 34.1 32.19 30.26 28.31 26.35 24.42 22.71 21.29 20.15 19.27 18.62 17.84 16.75 15.37 13.71 11.69 9.495 7.256 4.991 2.736 0.584 -1.212 -2.591 -3.58 -4.143 -4.248 -4.052 -3.643 -3.066 -2.332 -1.52 -0.873 -0.647 -0.816 -1.471 -2.665 -4.327 -6.285 -8.559 -11.13 -13.95 -16.91 -19.94 -23.03 -26.16 -29.3 -32.5 -35.8 -39.14 -42.47 -45.78 -48.83
78.02 77.52 77.24 77.16 77.2 77.14 76.75 76.03 74.94 73.44 71.56 69.42 67 64.34 61.46 58.48 55.57 52.73 50.01 47.45 45.04 42.74 40.54 38.44 36.42 34.47 32.5 30.5 28.5 26.49 24.49 22.65 21.01 19.55 18.23 17.07 15.9 14.58 13.11 11.53 9.781 8.024 6.395 4.937 3.695 2.674 1.953 1.621 1.66 2.015 2.694 3.504 4.282 4.965 5.509 5.871 5.924 5.501 4.589 3.169 1.247 -1.052 -3.518 -6.137 -8.843 -11.62 -14.48 -17.44 -20.45 -23.54 -26.67 -29.87 -33.12 -36.38 -39.6 -42.75 -45.62
78.78 78.93 79.17 79.46 79.74 79.8 79.43 78.66 77.43 75.71 73.6 71.18 68.46 65.49 62.31 59.05 55.9 52.88 50.03 47.39 44.92 42.6 40.45 38.43 36.53 34.72 32.89 31.02 29.12 27.19 25.26 23.41 21.7 20.11 18.62 17.25 15.87 14.4 12.83 11.21 9.51 7.88 6.437 5.21 4.234 3.524 3.178 3.248 3.694 4.477 5.613 6.845 7.974 8.968 9.767 10.3 10.43 10.03 9.082 7.554 5.445 2.968 0.406 -2.262 -4.976 -7.689 -10.44 -13.33 -16.3 -19.36 -22.49 -25.71 -29.01 -32.35 -35.65 -38.89 -41.84
79.47 79.81 80.21 80.62 80.96 81.04 80.67 79.87 78.56 76.75 74.53 72.01 69.15 66.04 62.73 59.34 56.09 53 50.11 47.46 45.01 42.72 40.59 38.6 36.72 34.91 33.12 31.32 29.51 27.7 25.89 24.21 22.67 21.28 20.03 18.91 17.76 16.51 15.17 13.77 12.26 10.74 9.285 7.937 6.718 5.639 4.882 4.539 4.559 4.929 5.684 6.642 7.623 8.582 9.487 10.28 10.75 10.7 10.14 9.025 7.336 5.27 3.091 0.786 -1.609 -4.054 -6.591 -9.314 -12.16 -15.14 -18.27 -21.52 -24.89 -28.34 -31.8 -35.23 -38.4
80.53 80.8 80.99 81.07 80.97 80.55 79.68 78.4 76.66 74.47 71.94 69.23 66.35 63.34 60.25 57.21 54.32 51.59 49.05 46.75 44.63 42.61 40.67 38.8 36.99 35.21 33.45 31.72 30.02 28.34 26.71 25.21 23.86 22.65 21.55 20.55 19.46 18.17 16.69 15.03 13.17 11.3 9.498 7.828 6.345 5.036 4.1 3.665 3.703 4.181 5.11 6.236 7.379 8.489 9.493 10.36 10.94 11.05 10.69 9.848 8.499 6.859 5.183 3.431 1.651 -0.126 -2.017 -4.231 -6.694 -9.429 -12.45 -15.74 -19.25 -22.93 -26.7 -30.5 -34.09
80.11 80.2 80.16 79.93 79.44 78.6 77.36 75.7 73.61 71.13 68.39 65.61 62.78 59.96 57.19 54.52 52.01 49.7 47.57 45.63 43.84 42.1 40.41 38.75 37.11 35.49 33.88 32.3 30.75 29.24 27.77 26.39 25.1 23.88 22.67 21.48 20.16 18.56 16.7 14.63 12.33 10.03 7.892 5.99 4.395 3.08 2.208 1.899 2.113 2.781 3.939 5.216 6.296 7.119 7.678 7.955 7.923 7.607 7.065 6.301 5.279 4.221 3.357 2.637 2.046 1.582 0.981 -0.136 -1.73 -3.877 -6.571 -9.711 -13.15 -16.84 -20.67 -24.58 -28.25
79 78.79 78.39 77.74 76.78 75.47 73.84 71.86 69.55 66.93 64.18 61.53 58.94 56.48 54.19 52.06 50.06 48.23 46.53 44.98 43.53 42.07 40.6 39.12 37.62 36.12 34.63 33.19 31.8 30.44 29.1 27.84 26.63 25.44 24.2 22.92 21.46 19.68 17.6 15.3 12.74 10.16 7.763 5.626 3.821 2.328 1.322 0.917 1.067 1.698 2.865 4.144 5.179 5.95 6.43 6.573 6.454 6.208 5.842 5.357 4.75 4.233 3.969 3.887 3.984 4.26 4.33 3.738 2.583 0.779 -1.712 -4.733 -8.062 -11.66 -15.43 -19.29 -22.89
78.26 77.6 76.72 75.6 74.16 72.43 70.48 68.28 65.86 63.26 60.65 58.25 56.03 54.02 52.26 50.65 49.07 47.56 46.07 44.58 43.07 41.56 40.05 38.55 37.07 35.67 34.37 33.22 32.22 31.35 30.57 29.82 29.02 28.14 27.08 25.87 24.39 22.49 20.21 17.63 14.72 11.74 8.939 6.425 4.273 2.443 1.104 0.397 0.286 0.661 1.608 2.735 3.692 4.429 4.94 5.209 5.304 5.332 5.306 5.254 5.156 5.171 5.44 5.901 6.534 7.316 7.869 7.714 6.937 5.435 3.179 0.327 -2.918 -6.52 -10.37 -14.38 -18.2
77.33 76.48 75.44 74.18 72.62 70.81 68.84 66.66 64.3 61.82 59.38 57.2 55.22 53.49 52.04 50.7 49.33 47.99 46.59 45.13 43.63 42.09 40.53 38.99 37.48 36.11 34.91 33.92 33.17 32.61 32.16 31.79 31.37 30.83 30.07 29.09 27.73 25.81 23.37 20.52 17.19 13.66 10.24 6.996 4.033 1.362 -0.787 -2.265 -3.081 -3.304 -2.83 -1.979 -1.021 0.017 1.124 2.223 3.266 4.263 5.202 6.042 6.768 7.506 8.364 9.262 10.19 11.13 11.77 11.74 11.12 9.818 7.811 5.204 2.115 -1.405 -5.253 -9.34 -13.29
