Codes/Calculating the total magnetization direction using VG-TG method/Za.grd
DSAA
301 176
38576000 38582000
3332500 3336000
-1320.418 6582.0698
[rows 35 to 69 of 176, columns 77 to 153 of 301]
222 216.9 212.4 208.8 205.7 203.5 201.7 200.2 199 197.9 197 196.1 195.3 194.3 193.4 192.3 191.1 189.7 188.1 186.2 184.2 182.2 180.2 178.4 176.6 175 173.4 172.1 170.8 169.7 168.7 167.7 166.7 165.7 164.8 163.7 162.6 161.4 160 158.4 156.7 154.9 153 151.3 149.6 147.9 146.3 144.6 142.6 140.3 137.7 134.7 131.5 128 124.5 120.9 117.5 114.2 111.5 109.3 107.5 106.3 105.1 103.8 102.2 100.3 98.17 95.78 93.29 90.78 88.22 85.6 83.18 81.18 79.53 78.23 77.32
215.1 210.4 206.4 203 200.2 198.1 196.4 194.9 193.6 192.4 191.4 190.3 189.2 188 186.7 185.2 183.6 181.9 180.1 178.2 176.1 174.1 172.2 170.5 168.9 167.5 166.3 165.1 164 163 162.1 161.2 160.3 159.5 158.7 157.9 157.1 156 154.8 153.4 151.9 150.3 148.7 147.3 146.2 145.1 144.1 143.1 141.8 140.1 138.1 135.6 132.6 129.2 125.5 121.7 117.8 114.1 111 108.5 106.5 105.1 104 102.7 101.1 99.29 97.22 94.91 92.43 89.85 87.16 84.34 81.67 79.4 77.48 75.9 74.73
208.2 203.9 200.2 197.1 194.6 192.7 191.2 189.8 188.4 187.1 185.8 184.4 182.8 181 178.9 176.7 174.3 171.9 169.6 167.3 165.1 163.1 161.3 159.7 158.5 157.5 156.6 155.8 155 154.3 153.6 152.9 152.3 151.8 151.3 150.8 150.4 149.7 148.9 147.9 146.8 145.7 144.6 143.8 143.2 142.9 142.6 142.3 141.6 140.4 138.8 136.4 133.5 130.2 126.4 122.4 118.2 114.2 110.8 108.1 105.9 104.3 103.1 101.6 99.92 97.97 95.77 93.31 90.67 87.93 85.1 82.11 79.28 76.85 74.8 73.1 71.82
202.2 198 194.4 191.3 188.6 186.5 184.6 182.8 180.8 178.8 176.8 174.7 172.5 170.2 167.9 165.5 163.2 161 158.9 156.9 155.1 153.5 152.2 151 150.1 149.4 148.9 148.3 147.8 147.3 146.8 146.3 145.9 145.4 145 144.5 144 143.5 142.9 142.2 141.5 140.9 140.4 140.1 140.2 140.4 140.6 140.8 140.4 139.4 137.9 135.5 132.6 129.3 125.6 121.8 117.9 114.1 110.9 108.3 106.2 104.7 103.5 101.9 100.1 97.88 95.37 92.64 89.79 86.87 83.92 80.89 78.04 75.55 73.39 71.58 70.15
194.8 190.6 186.9 183.7 180.9 178.7 176.7 174.7 172.7 170.7 168.6 166.5 164.4 162.4 160.4 158.5 156.7 155 153.5 152.1 150.8 149.7 148.7 147.9 147.2 146.7 146.2 145.7 145.3 144.9 144.4 144 143.5 142.9 142.4 141.8 141.1 140.4 139.7 139.1 138.4 138 137.8 137.9 138.3 138.9 139.5 139.9 139.6 138.6 137 134.4 131.2 127.5 123.5 119.3 115.1 111.1 107.8 105.2 103.1 101.7 100.5 99.14 97.43 95.43 93.08 90.45 87.71 84.92 82.05 79.07 76.25 73.78 71.61 69.72 68.21
190.2 185.7 181.9 178.5 175.6 173.2 171.2 169.2 167.3 165.5 163.7 161.9 160.2 158.5 156.8 155.2 153.6 152.2 150.9 149.7 148.7 147.7 146.9 146.2 145.6 145.1 144.7 144.2 143.8 143.4 143 142.5 142 141.4 140.8 140.1 139.4 138.7 138 137.3 136.7 136.2 135.8 135.6 135.6 135.6 135.4 135.1 134.2 132.6 130.5 127.7 124.4 120.8 117 113.2 109.5 106 103.1 100.8 99 97.79 96.82 95.61 94.05 92.13 89.88 87.08 83.64 79.79 75.44 70.52 65.71 61.69 58.36 55.71 53.89
186.5 182 178 174.6 171.6 169.2 167.2 165.3 163.6 162 160.6 159.2 157.7 156.3 154.9 153.4 152 150.7 149.4 148.3 147.3 146.3 145.5 144.7 144.1 143.6 143.1 142.6 142.2 141.8 141.4 140.9 140.5 140 139.4 138.8 138.1 137.5 136.7 135.9 135.2 134.4 133.7 133.1 132.5 131.9 131.1 130.1 128.6 126.6 124.1 121.2 117.9 114.4 111 107.6 104.4 101.5 99.18 97.4 95.99 95.09 94.32 93.19 91.43 89.11 86.37 82.57 77.23 70.86 63.34 54.54 45.89 38.92 33.49 29.64 27.6
181.5 177 173.2 169.8 166.9 164.7 162.8 161.1 159.7 158.4 157.3 156.2 155.1 153.9 152.7 151.4 150.1 149 147.9 147 146.2 145.5 145 144.6 144.4 144.3 144.2 144.1 143.9 143.7 143.3 142.8 142.2 141.5 140.7 139.7 138.7 137.7 136.7 135.7 134.8 133.9 133.1 132.4 131.7 131 130 128.9 127.2 124.9 122.2 119 115.4 111.7 108 104.6 101.3 98.3 95.97 94.21 92.83 91.98 91.26 90.15 88.32 85.85 82.92 78.68 72.52 65.07 56.15 45.61 35.27 27.07 20.83 16.59 14.63
176.1 171.9 168.4 165.3 162.8 160.8 159.2 157.8 156.5 155.4 154.4 153.4 152.3 151.2 150.1 148.8 147.6 146.5 145.6 144.8 144.1 143.6 143.4 143.4 143.5 143.9 144.3 144.5 144.6 144.6 144.2 143.7 143 142 140.9 139.6 138.3 137 135.9 134.8 133.9 133.2 132.5 132 131.4 130.8 130 128.8 127.1 124.7 121.8 118.3 114.5 110.5 106.5 102.7 99.12 95.85 93.21 91.18 89.55 88.46 87.54 86.33 84.5 82.11 79.34 75.35 69.54 62.56 54.14 44.18 34.44 26.81 21.07 17.24 15.65
171.1 167.4 164.2 161.5 159.3 157.6 156.3 155.1 154 153 152 151 150 149 147.9 146.8 145.7 144.7 143.8 143 142.4 141.8 141.5 141.4 141.5 141.8 142 142.1 142.1 141.9 141.5 140.9 140.2 139.2 138.2 137 135.9 134.9 134 133.3 132.7 132.2 131.8 131.5 131.2 130.8 130.1 129 127.3 125 122.1 118.5 114.4 110.2 106 101.8 97.75 93.96 90.67 87.9 85.5 83.54 81.81 79.98 77.74 75.16 72.43 68.7 63.36 57.01 49.4 40.46 31.76 25.02 20.05 16.9 15.8
166.1 162.5 159.5 157.1 155.1 153.7 152.6 151.6 150.7 149.8 149 148.3 147.5 146.7 145.9 145.1 144.3 143.5 142.9 142.3 141.8 141.3 141 140.8 140.7 140.7 140.7 140.5 140.2 139.8 139.3 138.6 137.8 136.9 136 135 134.1 133.3 132.6 132.1 131.7 131.4 131.1 130.8 130.4 129.9 129 127.9 126.1 123.6 120.7 117.1 113.1 108.9 104.6 100.4 96.32 92.39 88.83 85.64 82.73 80.12 77.78 75.47 72.89 70.13 67.4 63.85 58.86 53.01 46.03 37.88 29.98 23.93 19.54 16.87 16.11
161 157.7 154.9 152.7 150.9 149.7 148.8 147.9 147.1 146.4 145.7 145 144.3 143.7 143.1 142.6 142.1 141.6 141.2 140.8 140.5 140.2 140 139.8 139.6 139.4 139.2 138.9 138.5 138 137.4 136.8 136.1 135.3 134.4 133.6 132.8 132.1 131.5 131 130.6 130.2 129.8 129.4 128.8 127.9 126.7 125.2 123 120.3 117 113.3 109.2 105.1 101 97.01 93.3 89.77 86.58 83.75 81.17 78.84 76.71 74.56 72.14 69.51 66.85 63.39 58.54 52.86 46.09 38.19 30.57 24.82 20.71 18.33 17.86
155.5 152.3 149.7 147.6 146 145 144.2 143.6 142.9 142.3 141.7 141.1 140.6 140.1 139.7 139.4 139.1 138.9 138.7 138.5 138.4 138.2 138.1 137.9 137.6 137.4 137.1 136.7 136.3 135.8 135.3 134.7 134.1 133.4 132.7 132 131.3 130.8 130.4 130.2 130.1 129.9 129.8 129.6 129.2 128.5 127.4 125.9 123.6 120.7 117.3 113.3 108.9 104.5 100.2 96.03 92.2 88.6 85.37 82.55 80.01 77.78 75.76 73.74 71.45 68.95 66.43 63.1 58.4 52.87 46.25 38.51 31.05 25.44 21.47 19.21 18.85
149.8 146.8 144.4 142.4 141 140.1 139.5 139 138.6 138.3 137.9 137.6 137.4 137.2 137.1 137.1 137.1 137 137 136.9 136.8 136.7 136.5 136.2 135.9 135.5 135 134.5 134 133.5 133 132.4 131.9 131.3 130.7 130.2 129.7 129.5 129.4 129.4 129.7 129.9 130.2 130.5 130.6 130.4 129.8 128.7 126.8 124.1 120.7 116.5 112 107.3 102.7 98.12 93.87 89.89 86.36 83.3 80.58 78.24 76.17 74.12 71.8 69.3 66.78 63.47 58.76 53.24 46.63 38.87 31.4 25.81 21.86 19.63 19.32
143.9 141.1 138.9 137.3 136 135.4 135.1 134.9 134.7 134.7 134.6 134.6 134.7 134.8 134.9 135 135.1 135.2 135.3 135.2 135.2 135 134.8 134.5 134.1 133.6 133.1 132.6 132.1 131.6 131.1 130.6 130.1 129.7 129.3 128.9 128.7 128.6 128.7 129 129.3 129.7 130.2 130.5 130.7 130.6 130.1 129 127.2 124.6 121.3 117.4 113 108.5 104.1 99.69 95.58 91.69 88.2 85.13 82.37 79.95 77.75 75.58 73.14 70.52 67.9 64.51 59.76 54.18 47.54 39.8 32.37 26.83 22.96 20.86 20.7
136.7 134.3 132.5 131.3 130.5 130.3 130.5 130.7 130.9 131.1 131.3 131.4 131.6 131.8 132 132.2 132.4 132.6 132.7 132.8 132.9 132.8 132.8 132.6 132.3 132 131.6 131.3 130.9 130.5 130.2 129.8 129.5 129.2 128.9 128.7 128.6 128.7 128.9 129.2 129.7 130.1 130.5 130.9 131 130.9 130.3 129.2 127.4 124.9 121.7 117.9 113.6 109.3 104.9 100.6 96.5 92.62 89.11 85.99 83.18 80.68 78.44 76.24 73.86 71.41 69 66.08 62.24 57.86 52.8 47.03 41.6 37.65 35.04 33.86 34.19
130 128 126.6 125.7 125.4 125.6 126.2 126.7 127.2 127.6 128 128.2 128.5 128.8 129.1 129.4 129.7 129.9 130.1 130.3 130.5 130.6 130.7 130.7 130.6 130.4 130.2 130 129.8 129.6 129.4 129.2 129 128.8 128.7 128.6 128.6 128.8 129.1 129.5 130 130.5 131.1 131.6 132 132 131.7 130.9 129.3 126.8 123.7 119.9 115.6 111.1 106.5 101.9 97.53 93.35 89.57 86.26 83.35 80.85 78.67 76.63 74.7 72.88 71.16 69.45 67.68 66 64.26 62.51 61.07 60.29 60.05 60.37 61.3
124 122.2 121.1 120.6 120.6 121.1 122 122.8 123.6 124.2 124.8 125.3 125.8 126.3 126.7 127.1 127.5 127.8 128.1 128.2 128.3 128.3 128.2 127.9 127.6 127.1 126.5 126 125.6 125.1 124.8 124.6 124.5 124.4 124.6 124.8 125.2 125.8 126.5 127.4 128.3 129.3 130.3 131.3 132.3 133 133.4 133.2 132.2 130.2 127.5 123.9 119.7 115.1 110.3 105.3 100.5 95.76 91.55 87.88 84.72 82.1 79.88 77.89 76.14 74.61 73.27 72.21 71.5 71.17 71.12 71.39 71.96 72.74 73.64 74.68 75.85
118 116 114.8 114.2 114.3 115 116.1 117.2 118.3 119.3 120.3 121.3 122.2 123 123.7 124.4 125 125.4 125.8 126.1 126.2 126.2 126 125.6 125 124.3 123.5 122.8 122.1 121.5 121 120.7 120.5 120.6 120.9 121.4 122.1 123 124 125.2 126.4 127.8 129.1 130.4 131.7 132.6 133.3 133.5 132.8 131.2 128.9 125.6 121.8 117.5 112.8 108 103.1 98.43 94.21 90.51 87.32 84.67 82.43 80.38 78.53 76.89 75.44 74.22 73.28 72.62 72.24 72.15 72.33 72.81 73.52 74.48 75.65
112.4 110.2 108.7 108 107.9 108.7 109.8 111 112.4 113.7 115.1 116.3 117.6 118.7 119.7 120.6 121.4 122.1 122.8 123.3 123.7 124 124.1 124.1 123.9 123.6 123.2 123 122.8 122.8 122.9 123.1 123.4 123.8 124.3 124.9 125.5 126.2 127 127.8 128.6 129.5 130.4 131.4 132.4 133.3 133.8 134 133.4 132 130 127.1 123.6 119.7 115.5 111.1 106.7 102.5 98.73 95.5 92.74 90.52 88.62 86.76 84.94 83.17 81.42 79.75 78.24 76.94 75.82 74.88 74.27 74.13 74.37 75.01 76.05
107.7 105.2 103.6 102.8 102.7 103.4 104.7 106 107.5 109.1 110.7 112.3 113.7 115 116.1 117 117.8 118.6 119.3 119.9 120.5 121 121.4 121.7 121.9 122 122.1 122.3 122.6 123.1 123.7 124.3 125 125.8 126.5 127.3 128 128.7 129.4 130.1 130.8 131.5 132.3 133.1 134.1 134.9 135.6 136 135.7 134.8 133.1 130.8 127.9 124.7 121 117.1 113.1 109.1 105.5 102.4 99.71 97.51 95.44 93.34 91.22 89.04 86.8 84.64 82.6 80.73 79.05 77.54 76.46 76 76.09 76.71 77.91
103.3 100.8 99.15 98.29 98.17 98.88 100.1 101.6 103.2 105 106.8 108.6 110.2 111.6 112.9 113.9 114.7 115.6 116.4 117.1 117.9 118.6 119.2 119.8 120.3 120.7 121.2 121.8 122.4 123.1 123.8 124.7 125.5 126.4 127.2 128.1 129 129.8 130.6 131.4 132.2 133 133.9 134.8 135.8 136.8 137.7 138.3 138.5 138.1 137.4 136 134 131.3 128.1 124.5 120.4 116.2 112.3 108.5 104.9 101.6 98.68 95.91 93.27 90.82 88.57 86.47 84.54 82.83 81.35 80.05 79.2 78.99 79.34 80.24 81.69
98.16 95.67 94.01 93.18 93.13 93.91 95.25 96.88 98.72 100.7 102.9 105 106.8 108.5 109.9 111.1 112.1 113.1 114.1 115 116 117 117.9 118.8 119.6 120.4 121.1 121.9 122.7 123.5 124.3 125.1 126 127 127.9 128.9 130 131 131.9 132.9 133.8 134.7 135.6 136.5 137.4 138.1 138.7 138.9 138.5 137.6 136 133.9 131.3 128.2 124.9 121.2 117.4 113.6 110.1 106.9 104 101.5 99.11 96.85 94.68 92.63 90.67 88.88 87.36 86.11 85.14 84.45 84.16 84.37 85.01 86.06 87.49
93.03 90.49 88.81 87.96 87.93 88.76 90.2 91.99 94.05 96.34 98.81 101.2 103.3 105.2 106.8 108.1 109.2 110.4 111.6 112.8 114.1 115.4 116.7 117.9 119.1 120.3 121.5 122.6 123.6 124.7 125.6 126.6 127.7 128.8 129.9 131 132.1 133.2 134.1 135 135.8 136.5 137.1 137.7 138.2 138.5 138.6 138.3 137.4 136 134 131.5 128.5 125.4 122 118.6 115.1 111.8 108.8 106.2 103.9 101.9 100.2 98.4 96.68 95.01 93.37 91.93 90.85 90.15 89.79 89.77 90.1 90.75 91.63 92.69 93.92
88.67 86.19 84.55 83.75 83.74 84.6 86.07 87.93 90.1 92.51 95.15 97.73 100.1 102.1 103.9 105.3 106.6 108.1 109.6 111.2 112.9 114.7 116.4 118.1 119.8 121.4 122.9 124.3 125.5 126.7 127.7 128.7 129.7 130.8 132 133.1 134.3 135.5 136.5 137.4 138.2 138.9 139.6 140.2 140.7 141 141.1 140.7 139.8 138.2 136 133.3 130.2 126.8 123.3 119.7 116.1 112.8 109.9 107.4 105.3 103.7 102.3 101 99.59 98.25 96.9 95.67 94.7 93.99 93.54 93.31 93.36 93.72 94.29 95.02 95.92
84.03 81.63 80.06 79.33 79.4 80.34 81.93 83.97 86.37 89.07 92.05 94.99 97.63 99.99 102 103.7 105.3 106.9 108.6 110.4 112.2 114.2 116.2 118.1 120.1 122 123.8 125.4 126.9 128.3 129.4 130.5 131.6 132.7 133.9 135.1 136.3 137.4 138.5 139.6 140.5 141.4 142.1 142.9 143.5 143.9 144.1 143.8 142.7 141 138.7 135.7 132.3 128.8 125.1 121.4 117.9 114.7 112 109.8 108.2 107.1 106.3 105.6 104.8 104.1 103.3 102.5 101.7 100.8 99.95 99.02 98.18 97.56 97.15 96.96 96.92
79.11 76.78 75.29 74.64 74.83 75.9 77.66 79.94 82.66 85.74 89.16 92.55 95.61 98.35 100.7 102.7 104.5 106.3 108.2 110.1 112.1 114.2 116.3 118.4 120.6 122.8 124.8 126.7 128.4 129.9 131.2 132.4 133.6 134.8 136 137.3 138.6 139.9 141.2 142.6 143.8 145 146.1 147 147.6 148 147.9 147.3 145.9 143.7 141 137.6 133.9 130.2 126.6 123.1 119.7 116.9 114.5 112.7 111.5 110.8 110.4 110.4 110.6 111 111.6 112 112.1 111.9 111.2 110.1 108.7 107.3 105.7 104.1 102.6
75.49 73.3 71.92 71.36 71.63 72.76 74.6 77 79.89 83.18 86.85 90.49 93.79 96.75 99.34 101.5 103.5 105.5 107.6 109.8 112.1 114.5 117 119.5 122.1 124.7 127.2 129.5 131.7 133.6 135.3 136.8 138.3 139.7 141.1 142.4 143.7 145 146.3 147.5 148.7 149.8 150.7 151.3 151.5 151.4 150.8 149.6 147.7 145.1 141.8 138 134.2 130.5 127 123.8 121 118.6 116.7 115.3 114.4 114 113.9 114.1 114.7 115.4 116.3 117.1 117.4 117.2 116.5 115.3 113.6 111.8 109.8 107.8 105.6
71.99 70.08 68.94 68.58 69.01 70.25 72.21 74.75 77.81 81.3 85.19 89.05 92.52 95.62 98.3 100.5 102.6 104.7 107 109.5 112.1 115 117.9 121 124.2 127.4 130.5 133.4 136.1 138.4 140.5 142.4 144.1 145.7 147.2 148.5 149.7 150.8 151.9 152.8 153.7 154.3 154.9 155.2 155.3 155.1 154.5 153.3 151.4 148.8 145.5 141.7 137.8 134.1 130.5 127.3 124.4 122 120.1 118.7 117.8 117.3 117.3 117.6 118.1 118.9 119.9 120.7 121.1 121 120.4 119.2 117.6 115.8 113.7 111.5 109.2
68.24 66.69 65.89 65.85 66.59 68.13 70.37 73.17 76.48 80.22 84.32 88.35 91.94 95.11 97.83 100.1 102.1 104.4 107 109.8 112.9 116.2 119.8 123.4 127.1 130.9 134.4 137.6 140.2 142.5 144.2 145.6 146.9 148.1 149.3 150.5 151.6 152.8 154 155.2 156.5 157.8 158.9 159.7 160.2 160.3 160.1 159 157.1 154.4 150.9 146.8 142.5 138.4 134.4 130.8 127.6 124.9 122.8 121.4 120.5 120.3 120.5 121 121.9 123 124.3 125.4 126 126 125.5 124.4 122.8 120.8 118.7 116.2 113.7
64.95 63.98 63.75 64.27 65.53 67.55 70.21 73.37 76.95 80.86 85.08 89.19 92.85 96.05 98.8 101.1 103.2 105.6 108.2 111.2 114.5 118.1 122 125.9 130 134.2 138.1 141.6 144.6 147.1 149 150.5 151.8 153.1 154.2 155.2 156.2 157.3 158.5 159.8 161.2 162.6 163.8 164.8 165.5 165.8 165.6 164.5 162.3 159.2 155.1 150.3 145.2 140.2 135.6 131.4 127.8 124.9 122.9 121.7 121.4 121.9 123 124.5 126.4 128.5 130.8 132.8 134 134.6 134.3 133.2 131.4 129.1 126.4 123.3 119.9
60.66 60.05 60.21 61.15 62.9 65.45 68.63 72.3 76.38 80.8 85.46 89.95 93.95 97.45 100.4 102.9 105.2 107.7 110.5 113.5 117 120.7 124.7 129 133.3 137.8 142.2 146.1 149.6 152.5 154.9 156.9 158.6 160 161.2 162.3 163.1 164 165 166 167.2 168.4 169.5 170.4 171.1 171.4 171.3 170.1 167.6 164 159.1 153.1 147.1 141.5 136.4 131.8 128 125.2 123.6 123.1 123.7 125.3 127.6 130.3 133.5 136.9 140.4 143.4 145.6 146.7 146.7 145.5 143.2 140.2 136.4 132.1 127.2
58.01 57.81 58.39 59.77 61.95 64.93 68.53 72.59 77.02 81.72 86.64 91.37 95.57 99.23 102.4 105 107.4 110 112.9 116.1 119.6 123.5 127.8 132.3 137 141.9 146.8 151.2 155.2 158.7 161.7 164.1 166.3 168 169.3 170.4 171.1 171.7 172.3 172.7 173.1 173.3 173.7 174.2 174.7 175.1 175.3 174.7 173 170.4 166.7 162.3 157.4 152.6 148 143.6 139.7 136.7 134.8 133.9 134.1 135.3 137.1 139.6 142.4 145.6 148.9 151.7 153.3 153.8 153.1 151 147.9 144.2 140 135.3 130.3
54.95 55.09 56.03 57.78 60.37 63.78 67.83 72.33 77.21 82.39 87.76 92.9 97.48 101.5 104.9 107.8 110.5 113.4 116.6 120.1 124 128.3 133 137.9 143.1 148.5 153.9 158.8 163.2 167 170.3 173 175.3 177 178.4 179.4 180 180.5 181 181.4 181.7 182.1 182.6 183.2 183.9 184.7 185.3 185.1 183.8 181.5 178.2 174 169.4 164.7 160.1 155.7 151.6 148.5 146.4 145.5 145.6 146.8 148.5 150.7 153.1 155.7 158.2 160 160.6 159.7 157.5 153.9 149.6 145 140.5 136.1 131.8
51.76 52.25 53.59 55.79 58.87 62.82 67.44 72.54 78.05 83.86 89.87 95.62 100.7 105.2 109 112.2 115.1 118.3 121.7 125.5 129.7 134.3 139.3 144.7 150.3 156.2 162 167.4 172.2 176.5 180.1 183.1 185.6 187.6 189.1 190.1 190.8 191.4 191.8 192.2 192.6 192.9 193.4 194.1 195 195.9 196.8 196.7 195.4 193 189.5 184.9 180 175 170.1 165.3 161 157.6 155.5 154.4 154.6 155.8 157.5 159.5 161.8 164 166.2 167.6 167.8 166.6 164.1 160.3 155.8 151.2 146.7 142.4 138.4
