Codes/Calculating the total magnetization direction using VG-TG method/Za.grd
DSAA
301 176
38576000 38582000
3332500 3336000
-1320.418 6582.0698
[rows 105 to 139 of 176, columns 0 to 76 of 301]
67.65 59.7 50.76 41.05 30.71 19.85 8.858 0.504 -4.985 -7.494 -6.853 -2.857 3.761 12.63 23.63 36.75 52.17 70.55 92.33 117.1 144.5 174.1 202.4 227.1 247.9 264.2 275.2 280 278.7 271.9 259.8 243 225.3 209.7 196.7 187 181.1 178.3 177.7 179.4 183.1 188.9 196.6 205.8 216.4 228.1 240.7 253.9 266.4 278.3 289.6 300.2 310.2 320.3 330.8 342.1 354.5 368.5 388.7 415.7 448.8 487.9 532.4 577.1 620.3 661.6 700.3 736 767.4 794.8 818.4 839.2 856.6 873.2 890.3 908.3 927.4
141.8 133.5 124.2 114 103.2 91.79 80.24 71.39 65.44 62.5 62.87 66.6 72.89 81.51 92.56 106.1 121.7 140 161.5 186.1 213.1 241.5 268.4 291.4 309.9 323 330.5 332 327.5 317.1 301.6 281.9 261.5 243.3 227.7 216 208.4 204.1 202.5 204 208.4 215.3 224.7 235.9 248.5 262.3 277 292.2 307 321 334.3 347 359.3 371.9 385.1 399.3 414.9 432.6 456.3 486.4 522.6 564.5 611.5 658.2 702.9 744.9 783.7 818.5 846.8 868.7 884.5 894.6 899.7 905.2 912.7 922.8 936.2
245.8 238.1 229.1 218.9 207.8 196.1 183.9 173.8 166.2 161.4 159.5 160.3 162.9 167 172.7 179.6 187.8 198.7 212.8 229.8 249.2 270.7 291.7 309.9 324.7 335.7 342.4 343.6 339.6 330.5 316.8 298.9 280.8 265.1 252.2 242.8 237.2 235.1 235.6 238.3 243.5 251.2 260.9 272 284.5 298.4 313.3 328.7 344.3 360.2 376.5 393 409.9 428.7 449.8 473.3 498.9 527.2 559.8 596.9 637.6 681.5 728.1 773 814.7 852.5 886 914.7 936.1 949.9 956.6 957 952.1 947.8 946.6 949.6 957.9
348.8 340.1 329.7 317.7 304.4 289.7 274 259.8 247.8 237.9 230.2 224.9 220.8 217.5 215.2 213.7 213.3 215.5 221.3 230.5 242.9 258.1 273.8 287.9 300 309.4 315.8 317.6 314.4 306.5 294.3 278.4 262.1 248.3 237.5 230.4 227.4 227.7 230.8 237 245.8 257.3 271.1 286.4 303 320.6 339.2 358.9 379.6 401.4 424.5 449.2 476.2 507.5 543.4 583.6 628.5 677.5 726.5 774.7 822.2 868.3 911.9 951.3 986.5 1017 1042 1062 1077 1088 1094 1094 1091 1088 1087 1087 1090
444.4 431.3 416.7 400.4 382.7 363.7 343.5 324.6 307.5 292.1 278.4 266.9 256.2 246.4 237.4 229.5 222.8 219.4 220.4 225.6 235 248 261.5 273.4 283.2 290.3 294.4 294.6 290.7 283.2 272.5 259.1 245.9 235.7 228.7 225.4 226.2 230.3 237 246.3 257.9 272 288.2 306 325.5 346.4 368.8 392.4 417.4 444 472.3 502.3 535.1 573.2 616.7 665.2 718.4 774.4 829.6 882.2 931.5 977.1 1019 1056 1090 1121 1148 1174 1203 1235 1269 1308 1349 1386 1419 1447 1470
509.8 494.7 477.5 458.6 438.1 416 392.5 370.3 349.9 331.2 314.3 299.3 285.3 272.1 260 249.2 239.7 233.4 231.5 234 240.5 250.7 262 272 280.4 286.7 290.6 291.5 289.3 284.2 276.9 267.6 258.9 252.9 250 250.7 255 262.1 271.1 282.2 295.2 310 326.8 345.7 366.7 389.4 414.3 441.4 470.1 500.2 532.1 566 602.6 643.1 687.8 736.4 788.5 842 895.4 947.1 996.4 1043 1088 1130 1172 1213 1255 1300 1353 1416 1491 1574 1664 1747 1817 1871 1908
539.5 521.5 501.5 479.8 456.7 432.2 406.6 383 362.1 343.6 327.8 314.5 301.8 289.3 277.3 265.9 255 246.5 241.7 240.6 243 248.7 256.4 264.4 272.6 280.3 287.5 293.2 297.2 299.4 300 299.5 299.6 301.6 305.7 312.3 321.3 331.8 342.5 353.7 365.2 377 389.8 404 419.6 437.1 456.6 478.3 503.1 531 562.1 596.4 634 675.5 720.9 769.9 821.9 876 929.7 981.6 1032 1081 1128 1173 1217 1261 1308 1357 1417 1492 1581 1681 1790 1894 1980 2046 2092
538.5 519.7 498.7 476.3 452.6 427.8 402 378.7 358.5 341.3 327 315.4 304.6 293.7 283 272.4 261.8 251.9 243.8 237.2 232 228.9 228.5 230.3 234.4 241 249.9 260.4 272.2 285.5 299.8 314.8 330.1 345.5 360.6 374.9 388.7 401.3 411.7 420.1 426.8 432 436.9 444.1 453.6 466.1 482 501.8 525.6 553.2 585 620.7 659.6 701.2 745.6 792.3 840.4 888.9 937.6 985.2 1032 1076 1121 1164 1207 1252 1298 1349 1412 1494 1589 1696 1815 1928 2021 2093 2143
513.9 496.1 476.1 455 432.8 409.8 386 364.3 345.4 329.1 315.2 303.6 293.7 284.4 275.6 267.2 259.4 252.4 246 240.6 236.6 233.4 231.7 232.2 235.3 240.7 248.3 258.7 272 288 306.2 326.7 347.5 366.2 382.8 397.1 409 418.1 424.9 429.9 433.3 435.4 438.5 445.1 455.1 469.1 487.6 510.5 536.9 566.7 599.8 635.9 673.9 714.3 757.3 802 848.1 895.5 941.3 984.9 1027 1069 1112 1159 1214 1278 1352 1437 1533 1643 1764 1890 2021 2138 2227 2288 2318
490.1 473.3 454.6 435.2 415 394.5 373.6 355.1 339.5 327 317.5 310.6 305.5 301.8 299.1 297.2 296.1 295.6 295.1 294.6 294.1 293.5 293 292.7 292.8 293.6 294.9 298.2 304.6 313.8 325.8 340.7 356.8 372 386.7 400.5 412.9 423.5 431.7 437.7 441.8 444.2 447.1 453.8 464.2 479 498.4 522.1 549.6 580.8 615.4 652.9 692.3 732.7 773.7 814.9 855.9 896.7 933.9 967 997.4 1027 1057 1097 1151 1221 1306 1407 1525 1659 1803 1953 2107 2242 2342 2407 2439
462.7 448 431.8 415.1 398.2 381.4 364.7 350.4 339.3 331.3 326.6 324.5 324.9 327.7 332.4 338.4 346 353.8 360.8 366.8 371.5 374.7 375.9 374.9 372.1 367.6 361.4 356.2 354.2 355.1 359.1 366.7 376.7 387.7 399.5 412.4 425.9 438.8 449.9 460 468.8 476.4 484.9 496.4 510.8 528.5 549.9 574.4 601.4 630.6 661.8 694.6 728.4 763.4 800 837.3 875.3 913.6 946.8 973.9 996.6 1017 1037 1066 1110 1172 1249 1345 1463 1600 1753 1916 2086 2236 2350 2426 2466
412.8 400.6 387.4 374.3 361.8 349.9 338.9 330.7 325.9 324.6 326.8 331.7 339.7 350.6 363.2 376.7 392.1 406.8 418.6 426.9 431.8 433.3 431 425.4 417.2 407.4 395 383.9 377.5 376.1 379 387.2 398.8 412 426.7 442.5 459.3 476.1 491.9 506.7 520.8 534 547.4 562.6 579.8 599 620.3 642.5 664.4 686.2 707.5 728.4 750.1 774.3 801.7 832.3 866 901.7 934.5 962.3 986.5 1009 1032 1062 1108 1170 1248 1345 1463 1602 1757 1922 2094 2248 2365 2445 2488
329.5 318.7 308.1 298.6 290.6 284.5 280.5 280.3 284.4 292.9 306.2 323.1 344.2 369.6 398.3 428.3 460.9 489.6 510.1 522 525.2 519.1 506 488.4 467.3 444.1 418.5 397.3 385 381.8 387.2 402.5 422.8 443.8 465.1 486.7 507.7 528 547.8 566.8 585.1 602.5 619.7 637.3 655.4 673.9 692.9 710.7 725.8 738.1 747.5 754.4 761.9 771.3 784.2 801.4 823.1 848.4 874.5 899.3 924 950.9 980.2 1019 1073 1144 1231 1336 1463 1610 1774 1947 2127 2288 2411 2496 2543
244.9 236.8 229.6 224.4 221.7 221.7 224.9 232.4 244.8 262.1 284.8 311.3 342.5 378.6 417.6 457.2 499.6 536.9 562.9 577.7 581.7 573.3 556.1 534.2 509.3 482.9 454.1 430.4 417.2 414.4 421.1 439.4 463.2 486.9 510.4 533.9 555.9 576.9 597.5 617.2 635.8 653.6 670.5 686.9 703.1 718.9 734 746.7 755.2 759.5 759.2 754.9 749.3 743.2 738.4 736.3 736.7 739.7 748.8 762.3 781 807.1 841.2 887.8 951.6 1033 1132 1250 1387 1541 1709 1886 2067 2229 2355 2444 2498
175.5 174.8 175.2 177.8 183.1 191.4 202.9 218.6 238.9 264.1 294.4 328.3 366.4 408.4 452.8 496.9 542.7 582.1 609.2 624.3 627.5 617.5 599.1 576.8 551.8 525.9 498.5 476.4 464.3 462 468.9 486.8 510.1 533.1 555.7 578.3 599.3 618.6 636.3 652.2 666 677.9 688.4 698.8 709.2 719.6 729.7 738 742.8 743.6 740.1 732.9 724.1 713 701.6 691.3 682.6 677.2 678.6 686.2 701.7 727.2 762.8 811.6 877.5 960.4 1060 1175 1303 1441 1585 1729 1872 2000 2099 2168 2210
139.5 143.4 149.4 157.9 169.2 183.6 201.6 223.2 248.7 278.2 311.7 348.5 388.4 431 474.8 517.7 561 597.7 622.1 634.7 636 624.7 605.4 583.3 559.9 536.5 512.7 494.8 487.2 489.4 500.8 523 550 576 600.5 623.7 644.3 661.7 675.6 686.2 693 696.4 698 699.7 701.6 704.1 707.2 708.5 707.4 703.5 696.4 686.3 675 662.7 651.9 643 636.9 635.3 639.8 649.3 665.5 690.1 722.8 766.9 826 899.2 984.4 1084 1191 1301 1411 1519 1623 1719 1802 1870 1928
134 143.8 156.1 171.3 189.6 211.3 236.4 263.8 293.2 324.8 358.2 393.1 430.1 469.3 509 547.6 586.4 619 640.1 650.2 649.9 638 618.7 596.4 572.6 548.7 524.5 506.3 498.7 501.3 513.8 537.5 565.9 592.5 617.8 641.5 661.8 677.8 689.2 696.5 699 696.7 692.7 690.5 689 688.8 690.4 691.8 690.8 686.7 679.1 668.8 657.7 645.3 634.6 626.3 620.9 619.2 623.9 633.3 648.7 671.7 701.4 742.1 797.8 867.1 947.7 1043 1144 1245 1347 1449 1545 1642 1740 1837 1933
145.9 159.6 176.7 197.2 221.1 248.5 279.5 312 345.2 379.1 413.9 448.7 484.4 521.7 559.4 595.9 632.5 663.2 683.7 694.4 695.5 686.1 669.8 650.8 630.4 609.6 588.1 572.6 567.9 572.8 587.1 612.6 642.6 669.7 694.3 716.7 735.2 748 754.9 756.7 752.6 742.8 731.1 721.3 711.8 703.6 697.5 690.9 682.3 671.3 657.4 641.2 624.3 607.1 593 582.3 575.4 573.6 578.6 588.2 604.2 628.9 661.1 703.9 761.4 833.3 918.5 1020 1125 1232 1342 1462 1576 1704 1856 2028 2212
154.1 172.2 194.1 219.9 249.6 282.7 319.6 356.8 393.1 428.4 462.7 495.4 527.9 560.7 592.7 622.9 652.7 677.4 693.1 700.8 701 692.5 678.3 662.4 646.4 631 615.4 605.8 606.8 617.3 636.7 666.6 700.7 732.4 761.5 788.2 810.6 826.8 834.8 835 826.8 810.6 790.3 770.7 750 730 711.4 692.3 671.9 650.4 627.7 604 581.4 559.3 542 529.4 521.4 518.5 523.1 532.2 546.8 568 594.3 626.4 667.2 716 771.7 839.9 919.1 1007 1109 1237 1372 1536 1746 1996 2271
185.7 207.1 233.2 263.9 299 337.9 380.8 423.8 465 504.1 541.1 575.3 608 640 670.5 698.1 724.8 744.7 754.1 753.9 744.7 725.6 701 675.5 650.9 628.1 606.5 592.9 591.8 602.1 623.2 656.7 694.6 728.9 759.5 786.8 808.5 822.7 828.2 826.3 816 797.2 774.6 752.5 729.3 706.3 684.8 663 640.8 617.6 593.5 569.2 547.2 527.1 513.1 505.2 503.2 506.5 516.9 530.2 547.2 568.2 590.7 615.4 643.6 675.3 711.8 759.1 816.3 887.5 978 1100 1235 1408 1636 1908 2208
225.5 250.6 281.1 317.3 359.1 405.6 456.8 507.4 554.6 598 637.9 672.2 702.6 730.1 754 772.6 788.5 796.8 794.5 782.7 761.8 731.3 696.7 663.2 632.3 605 580.7 566.1 565.6 577.5 601.1 638.7 680.6 717.2 748.7 775.7 795.6 807.1 810 805.3 792 770.7 745.5 721.3 696.6 672.8 651 629.6 608.5 587.5 566.6 546.4 529.3 514 504 499.2 499.5 504 515.3 529.6 547.5 569.8 594.4 621.6 652.7 688.5 730.7 784.1 846.5 922.4 1017 1143 1281 1459 1692 1970 2277
243.5 269.7 301.7 339.8 383.8 431.9 484.5 535.8 581.6 621.1 654.7 680.3 700 714.6 723.7 727.1 726.9 720.1 705.7 685.3 659.5 628.1 595.6 566.2 541.4 522.1 507.5 503 512.1 533.1 565.4 610.3 658.4 700.3 736.1 765.9 787.1 798.8 800.8 793.6 776.4 750 719.8 691.6 663.7 638 615.9 596.2 578.3 562.8 549.6 538.6 530 522.2 517.3 515.3 515.3 517 523.5 532.7 544.9 560.6 580.3 605.5 638.1 678.6 728.4 792.2 867.8 957.6 1067 1207 1361 1552 1797 2085 2400
260.4 284.9 314.6 350.1 390.5 434.2 481.3 526.6 565.6 597.3 622 638.5 648 651.5 648.9 640.8 629 613.4 595 575.6 555.8 535.3 516.2 501.1 491.4 487 486.9 494.3 511.6 536.8 569.4 610.6 653 688.6 717.8 741 755.8 760.7 755.3 740.5 715.8 681.9 645.1 612.9 583.2 558.1 539.3 525.6 516.2 511.5 511 514.4 520 525.4 531.8 538.6 546.2 557.8 573.3 594.2 621.7 655.8 695.8 743 796 855.1 921.8 996 1080 1176 1288 1428 1581 1770 2014 2303 2618
271.6 294.7 322.7 356 393.9 434.8 479 520.9 556.5 585.1 606.8 620.2 626.8 627.4 622.7 613.8 601.2 585.7 569.9 554.8 540.3 527.1 516.1 507.6 502.6 500.6 501.6 508.5 523.4 544.1 571 604.8 639 666.8 688.8 705.2 714.1 713.8 703.9 685.1 657.4 621.2 583.2 551 522.4 499.7 484.4 475.2 470.6 471.6 477.4 487.7 500 512.8 526.4 540.5 556.4 580.7 609.3 647.9 697.9 758.2 826.8 903.9 984.1 1067 1156 1244 1339 1442 1557 1697 1848 2034 2276 2564 2878
262.6 283.6 309.5 340.9 377.2 416.7 459.5 500.5 535.6 563.7 585 598.1 604.4 604.7 599.5 590.2 577.2 561.7 546.4 532.3 519.3 508.2 498.9 491.1 486.2 483.5 482.8 487.2 499.5 517.8 542.2 573.1 604.5 629.5 649 662.6 668.9 666.8 656.5 638.3 612.2 579 544.9 516.4 491.7 472.6 460.8 453.9 449.5 449.7 453.5 460.4 469.7 481.2 495.1 512 533.2 564.3 602.1 651.6 713.8 787.1 869.3 961.2 1057 1157 1262 1369 1485 1611 1752 1917 2097 2309 2571 2873 3193
247.8 267.9 292.8 323.5 359.5 399 442.2 484 520.2 549.8 572.9 587.8 596.1 598.2 594.8 587.1 575.4 561 546.8 533.5 520.8 509.8 500 490.7 483 476.6 471.2 470.2 476.3 487.6 504.9 528.5 552.5 570.5 583.7 591.8 593.5 588.1 576.6 559 535.5 506.7 477.8 454.6 435.4 421.6 414.4 411.7 410.4 413.1 418.4 426.1 436.3 450 466.9 487.9 514.3 551.7 597.1 655.8 728.3 813.5 910 1018 1132 1252 1382 1515 1659 1818 1993 2190 2403 2642 2920 3224 3533
240.1 258.8 281.9 310.6 344.4 381.5 422.2 462.1 497.1 526.6 550.6 567.3 578.3 584.2 585.5 583 577.4 568.8 559.6 550.3 540.4 530.8 521.2 510.7 500.7 490.7 480.2 473.2 473.1 478.1 488.5 505.2 522.5 534.1 541 543 539.3 529.4 514.5 494.4 470 441.5 413.9 392 374.7 363.2 358.9 360.1 363.9 373 386.4 404 426 453.7 486.4 525.1 570.6 626.3 689.8 765.1 852.4 951.1 1061 1182 1311 1450 1601 1758 1929 2118 2324 2550 2791 3049 3328 3617 3898
230.4 247.8 269.4 296.4 328.2 363.1 401.6 439.4 472.8 500.9 524.2 540.9 552.8 560.4 563.9 564.2 562.1 557.5 551.9 545.7 538.5 531.5 522.7 510.9 497.6 482.9 465.5 450.3 442 438.8 441.3 450.3 460.6 466.3 468.8 467.8 462.3 451.5 436 415.7 391.3 363.1 336.1 315.7 300.1 290.8 289.5 295.2 305.4 322.5 346.1 376.3 414.6 461.8 517.8 583.3 658.9 744.9 838.5 941.4 1053 1174 1304 1442 1588 1743 1911 2087 2278 2491 2723 2965 3222 3482 3730 3958 4152
216.9 235.4 258.2 285.9 317.9 353.2 391.7 429.1 462.1 490.2 514.1 531.6 544.4 554.1 560.9 565 567.1 566.8 565.1 561.8 556 549.2 539.7 525.6 508.1 487.4 462.6 439.8 424.3 414.2 410.5 414.2 420 421.6 420.3 416.3 408.3 394.9 376 352.1 323.8 291.4 260.2 236.5 219.1 209.2 208.9 218 234.5 260.8 296.7 342.6 400.2 470.1 552.5 647.5 754.6 871.7 997.6 1132 1272 1420 1574 1735 1903 2080 2270 2469 2683 2920 3175 3430 3699 3956 4172 4340 4455
181.7 200.4 222.9 249.4 279.4 311.7 346.5 379.5 407.6 430.4 448.4 460.4 468.1 473.2 476.2 477.5 477.7 477.1 477 476.9 476.4 476.8 475.3 469.4 460.6 448.7 432.7 417.8 409.1 405 406.2 413.1 421.1 424.3 423.9 419.5 410.4 395 372.9 344.4 310.5 271.7 234.9 207.3 187.1 176.5 178.1 191.7 215.6 252.5 302.5 366 445.5 540.8 652.9 782.1 927.2 1085 1251 1424 1603 1786 1971 2160 2351 2547 2752 2962 3183 3425 3682 3934 4198 4440 4630 4761 4830
149.6 163.8 181 200.9 223.1 246.6 271.9 296.2 317 334.3 348.2 358.5 366.2 372.3 377 381.4 385.3 389.2 394.4 400.5 407.4 415.9 422.9 426 426.4 424 417.6 411.4 409.5 410.5 415.2 423.4 431.7 434.6 433.6 428.1 417.5 399.4 372.8 338.5 297.4 250 204.4 169.8 144 129.7 130.1 146.8 178.1 225.7 290.7 373.9 477.8 600.4 744 908.3 1091 1288 1496 1712 1933 2156 2378 2599 2815 3028 3240 3449 3662 3887 4119 4341 4568 4768 4912 4994 5012
140 150.6 163.6 178.6 195.3 213.5 233.4 252.9 271.2 288.2 304.2 319 332.6 345.9 359.2 372.6 385.7 398.5 411.4 423.7 435.1 446.3 455.1 459.4 460.4 457.6 450.6 443.3 439.5 438.1 439.6 444.3 450.2 453.3 453.9 452.5 448.5 436.4 412.1 379 336.6 285 231.5 185.2 144.8 113.2 94.07 94.19 116.5 160.8 230.2 326.7 452.1 603 782.7 989.2 1220 1468 1728 1996 2267 2536 2798 3050 3286 3506 3714 3906 4090 4278 4465 4635 4808 4950 5039 5069 5039
140.2 150.9 163.9 179.1 196.4 215.6 236.7 257.8 278.1 297.4 315.6 332.6 348.6 363.8 378.4 392.6 405.8 418.5 431.2 443.3 454.4 465.5 473.6 476.4 475.3 469.6 459.2 448.2 440.8 436.4 435.5 438.4 445.2 454.8 466.6 480.7 496.6 506.2 500.4 482.3 451.2 406.8 355.7 306.4 257.9 214.3 179.6 163.4 175.1 214.6 286.1 391.6 532.5 704.2 910.4 1148 1413 1692 1984 2277 2566 2847 3111 3355 3574 3766 3938 4090 4228 4368 4509 4634 4763 4865 4917 4915 4856
150.1 160.8 173.9 189.6 207.8 228.2 250.9 273.7 295.9 317.1 337.2 355.9 373 388.3 401.7 413.6 423.5 432.4 441 448.3 454.7 461 464.7 463.5 459 451.2 439.6 428.3 422 420.4 424 432.9 447.6 466.7 489.9 517.2 547.9 573.2 583.4 582.4 568.9 541.9 507.5 474.8 442.6 414.1 393.4 390.7 414.9 464.8 544.9 657.9 806.5 984.8 1197 1440 1709 1987 2275 2559 2833 3091 3328 3539 3721 3873 4003 4114 4211 4314 4419 4512 4610 4686 4712 4685 4606
166.6 176.9 189.7 205.1 223.1 243.3 265.7 288.5 310.3 331.1 350.9 369.3 386.2 401.9 416.7 431.2 444.6 458 472.7 487.1 500.7 515.9 528.5 533.8 533.8 528.9 518 506.1 499 497.2 501.1 510.3 527.5 554.1 588.7 630.9 681.2 729.4 764.6 790.3 805.5 808.1 802.5 795.3 785.7 776.1 770.1 777.9 808.2 859.7 937 1043 1180 1344 1539 1762 2008 2263 2525 2782 3028 3258 3467 3648 3800 3922 4019 4097 4158 4221 4284 4334 4386 4416 4401 4340 4234
