Field data example 2 (Yeshan polymetallic deposit)/Total field anomaly (Yeshan polymetallic deposit).grd
DSAA
187 110
397395 402039
3600802 3603534
-2097 1085
[rows 33 to 65 of 110, columns 76 to 151 of 187]
169.2 186 208.3 233.8 260.7 285.6 306 318.2 319.6 312.8 301.2 286.8 267.9 241.2 206.2 172.9 156.8 167.3 200.6 243.8 282.1 306.2 313.8 310.7 305.5 302.1 300.3 298.5 295 291.3 292.2 298 302.4 299.9 290.7 275.8 255.8 234.7 210.5 182 160.1 149.6 143.3 136.3 126 112.9 105.3 108.6 121.2 138.3 155.4 168.9 178.9 186.1 190.6 186.3 168.9 139.4 92.15 38.74 -5.172 -47.75 -111.1 -201.8 -315.7 -429.4 -514.9 -574.7 -603.5 -607.1 -599.5 -589.1 -573 -569.3 -575.6 -564.2
159.2 185.1 215.4 246.8 277.6 305.1 328.2 342.6 345.7 339.2 325.3 305.1 276.9 239.8 198 164.1 152.3 169.6 209.6 255.5 291.7 311.5 316.9 314.3 311.8 311.4 310.8 306.2 298 290.3 289 293.1 295.5 290.4 279.9 264.9 246.9 226.5 201.9 174.5 153.4 140.4 129.4 118.8 109.6 101.2 98.23 105.2 121.3 142.3 164.2 185.5 206.6 230.6 259.7 288.8 309.8 315 305.6 290.7 281.8 271.8 245.1 190.2 113 25.17 -59.85 -148.2 -225.5 -272.8 -310.7 -336.3 -354.1 -386 -420.5 -409.4
164 194.8 229.6 264.1 296.3 324.8 348.4 363.4 367.3 360.7 345.3 320 282.6 234.6 186.4 152.4 144.5 166 208.3 254.1 287.9 305 310.7 312.1 314.3 316.7 315.9 308.7 297 286.3 282.7 282.2 278.1 268.4 256.8 244.5 230.1 213.4 192.4 168.2 146.1 128 111.1 97.38 89.19 87.07 91.1 103.3 122.6 145.5 169.1 193 219.6 253 296.6 345.3 390.5 425.9 451.2 472 494.4 517 525.6 509.8 472.5 415.5 335.9 231.8 124.7 43.91 -21.12 -83.4 -149.7 -229.7 -281.8 -259.2
181.4 212 247.6 282.1 314.4 342.3 363.8 377.4 381.2 374.5 357.9 329.2 283.7 225.8 171.6 137.9 132.6 155.6 196.5 238.3 269.5 287.7 297.6 305.5 312.9 317.5 316 306 292.6 280.8 273.9 267 255.5 240.7 229.1 221 212.3 200.4 183.7 161.4 137.8 115.7 95.14 79.59 73.52 77.47 89.1 106.7 128.5 150.4 171.2 193.5 220.1 255.5 303.1 358.5 416.6 472.5 526.2 578.1 630.7 683.9 729.5 756.3 757.3 725.5 656.2 548.8 432.6 343.2 257.9 157.9 35.72 -79.1 -133.3 -93.36
205.8 231.7 264.5 298.1 329.6 355.4 372.3 384 387.9 382 366.1 335.4 282.3 216.3 157.3 123.3 117.9 138.3 172.8 207.8 237.5 261.6 279.7 294.4 306.1 311.6 308.7 297.9 285.3 274.5 265.2 252.4 235.2 217.6 206.7 202.6 199.6 191.6 176.6 155.9 132.5 109.8 89.41 74.08 69.17 77.34 94.88 116.7 138.3 156 171.2 188.9 212.6 245.3 289.4 343.5 404.9 471.6 543.5 618.5 695.6 776.2 854.2 917.2 949.9 942.2 889.7 796.1 697.1 617.5 516.9 377.4 227.1 99.39 48.63 103.6
228 248.6 278 311 342.7 367.6 382.6 392.3 397.6 394.1 378.1 340.5 277.7 206 145.8 111.4 103.9 116.8 141 170.1 201.8 233.8 261.4 282.7 295 299 295.1 285.5 276.1 267.4 256.5 239.9 219.6 202.2 193.6 192.8 193.3 186.3 172 153.4 132.6 113 95.77 81.17 76.26 85.34 105.3 127.8 146.1 157.9 167.5 180.9 201.8 231.4 271 320 378.6 447.7 526.6 612.2 703.3 800.8 898.3 982.8 1040 1057 1031 974 909.3 844.4 735.2 587.4 436.5 316.3 268.1 321.7
242.5 259.1 287.3 321.3 355 382.2 398.7 410.4 417.8 415.9 393 343.4 270.9 196.5 139 107.4 96.03 99.27 113.5 138.6 173.2 212.5 247.2 270 279.1 278.9 273.9 266.3 260.7 254.9 243.7 226.1 206.7 193 188.8 190.7 191.3 183.6 169.1 152.5 136.8 122.7 108.5 95.04 90.04 98 115.4 134.6 148 154.4 160.1 171.5 191.4 219.4 255 298.5 352 417.7 495.1 580.9 673.7 773 873 964.8 1035 1076 1085 1070 1041 992.8 903.7 782.1 653.7 550.7 506.3 538
249.7 263.6 292.6 329.9 367 399.8 423.4 442.1 453.8 446.7 411 346.9 266.2 191.5 139.4 111.1 95.91 90.35 97.27 118.2 153.3 197.3 234 253.8 256.9 251.8 244.8 239.5 238 235.7 226.5 210.9 196.1 188.2 189.1 192.3 191 181.4 166.8 152.6 141.7 132 120.3 108.6 103.7 108.9 121.6 134.6 142.6 145.5 149.2 160.5 181.2 208.6 241.2 280.7 329.9 391.2 463.4 543.1 627.4 715.6 804.8 890 962.5 1018 1056 1077 1082 1065 1017 939.4 848.1 766.4 718.1 714.7
250.1 261.7 292.9 335.9 379.4 421.4 458.6 488.3 501.2 483.9 429.3 349.8 262.8 189.7 142.3 116.8 99.67 88.93 88.8 105 138.2 182.1 217.9 233.5 230.3 220.3 211.3 207.7 209.9 210.7 204.1 194 185.1 182.5 186.2 189.2 185.7 175.7 163.5 153 144.9 137 127.1 116.5 110.5 112.3 120.2 127.3 130.4 131.5 135.3 146.5 168.2 195.9 227.3 265.4 313.2 371.9 438.9 509.1 580.1 652.4 724.9 795.7 861.9 922 974.2 1017 1047 1060 1049 1014 960.7 899.3 846.4 812.3
243.5 253.5 288.7 341.1 394.3 446.6 497.1 534.9 544.2 512.3 438.7 345.2 255 184.1 140.4 117.7 101.6 86.47 79.7 92.33 124.7 167.1 201 212.5 203 188.3 177.4 174 177.6 180.5 178.6 175.3 172.8 172.1 175.2 176.7 172.2 164.9 157.6 151.4 145.7 137.8 126.8 115.9 108.4 106.6 110.4 113.7 114 114 117.7 129.6 151.9 180.1 212 250.9 300.1 358.3 420.6 481.5 539.7 597.2 654.3 710.9 766.6 821.6 873.9 921.2 961.4 989.7 1002 997.9 973.3 930.5 878.4 825.9
239.7 249.1 290.1 350.5 411.5 471.2 527.6 564.9 565.3 518.7 431.2 328.5 236.8 169.5 130.8 111.1 94.68 75.01 61.53 71.76 106.4 150.9 182.8 189.1 174.9 157.4 144.9 140.4 142.8 148.3 152.7 155.6 155.9 154.4 153.5 152.4 149.2 146.5 145.6 144.7 142.1 133.6 120.5 108.5 99.81 95.4 96.88 99.09 98.45 97.27 100.7 113 135 162.8 195.3 236.6 287.7 345.5 403.6 457.3 506.2 553.4 600 646 692 737.8 781.3 820.7 855.9 884.9 905.5 915.1 907.3 878.9 835.1 781.4
253.3 262.8 305.1 367.3 431 493.4 547.5 574.1 560.4 503.6 408.9 301.1 207.8 143.8 110.5 93.05 71.45 44.63 26.89 37.22 77.67 127.9 158.3 161.1 145.3 127.2 114 107.7 108.7 115.9 125.1 131.3 131.2 125.7 119.9 116.8 116.5 120.4 126.5 131.2 131.5 124.4 111.1 98.5 88.87 84.07 85.45 87.23 85.51 83.74 87.24 99.35 120 146.8 180.4 223.8 276 331.7 385.3 433.4 476.6 518 559.5 600.9 640.8 678 709.9 735.7 758.1 778.5 795.3 806.1 804.2 784.7 751.4 706.2
294.8 300.4 335 390.1 450.6 508.8 551.6 561.3 532.8 467.8 371.9 264.6 172.5 109.8 78.13 60.12 33.4 -0.271 -18.61 -2.622 44.22 96.99 127 129 113.8 95.85 82.21 74.56 73.98 81.6 92.49 99.13 96.94 87.39 77.87 75.41 80.14 90.76 102.5 110.5 112.9 108.8 98.74 87.84 80.41 77.63 79.37 79.8 76.94 75.28 79.91 92.15 111.5 137.8 172.2 216 266.4 317.5 364.9 408.1 447.9 486.5 526.5 567.4 605.2 636.9 658.9 671.9 681.2 690.2 697.7 703.3 701.2 686.8 661 625.3
359.3 356.4 373.5 411.4 460.4 506.9 533.4 526.1 485.2 415.2 323.2 223.9 137.3 74.34 37.59 13.44 -15.79 -47.81 -61.29 -37.37 12.21 62.43 90.31 91.59 76.41 59.38 45.81 38.14 37.81 45.98 56.77 61.31 57 46.12 36.4 37.18 47.73 61.65 74.85 83.04 85.98 86.19 83.09 78 75.19 75.28 76.36 75.61 72.46 72.16 79.05 92.62 111.6 137.9 172.2 214.2 259.8 304.1 344.6 382.9 419.8 456.6 496.2 537.7 575.6 604.4 620.8 625.8 625.2 623.2 621 620.1 616.5 604.2 583.1 556.3
423 406.1 402.1 417.8 451 482.5 493.1 471.7 422.6 353.9 272.5 185.9 105.4 39.67 -7.256 -41.64 -70.93 -92.74 -93.13 -63.18 -14.99 29.23 49.97 47.3 31.56 16.1 5.03 0.2699 2.804 11.77 20.94 22.62 16.56 6.515 -0.5391 4.182 18.84 34.21 45.21 52.03 57.42 63.88 68.94 70.57 71.96 73.21 74.25 73.17 71.59 73.94 83.33 98.66 118.7 146.1 180.4 219.2 258.6 295.5 329.3 362 394.6 428.8 467 508.1 545.6 573.7 588.3 589.6 581.4 570.9 561.7 556.5 551 540.6 523.9 504.7
456.8 422.2 400.7 401.1 419.3 434.2 427.8 393.6 341.6 280.8 215.9 143.6 68.74 -1.365 -58.9 -100.8 -126.3 -134.5 -121.1 -84.68 -39.49 -4.671 5.199 -4.407 -20.25 -32.17 -37.43 -35.07 -28.24 -18.56 -11.2 -11.7 -18.77 -27.65 -31.58 -23.24 -6.34 8.32 17.59 24.55 34.44 46.93 57.85 63.18 65.49 66.87 68.33 69.32 70.95 76.47 87.63 105.4 128.7 158.9 194.2 230.5 264.2 294.6 322.2 348.9 376.1 405.6 440 478.5 514.9 542.4 556.4 555.9 543.3 526.7 513.2 505.4 500.3 492.9 481.4 468.6
443.8 393.1 359.8 351.4 356.8 355.1 331.7 287.9 239.4 193.2 145.1 87.5 19.34 -52.62 -114.5 -156.1 -174.5 -172.1 -148.4 -107.2 -65.62 -40.8 -41.19 -56.86 -72.13 -78.02 -74.06 -63.61 -51.41 -41.35 -35.52 -37.37 -44.95 -53.22 -55.45 -45.12 -28.83 -15.77 -5.349 6.06 19.43 35.84 48.94 53.66 54.61 55.71 58.59 63.42 69.84 77.85 90.51 110.3 137.4 171.3 208.2 243.2 273.3 299.5 322.9 344.9 367 391 419.7 454 488 513.6 526.4 524.2 508.3 488 472.1 463.5 459.8 456.9 451.4 444.5
380.1 317.6 276.5 261.3 258.2 243.6 209.7 164.3 124.8 93.05 60.32 15.8 -42.1 -107.2 -164.4 -202 -215.3 -207.3 -179.7 -138.9 -102.6 -84.15 -86.3 -101.7 -113.5 -111 -98.05 -80.55 -64.96 -55.2 -51.09 -53.31 -60.61 -68.7 -70.97 -61.94 -47.67 -34.35 -19.95 -4.177 12.11 28.96 41.35 44.05 43.08 44.23 49.85 58.44 67.66 77.28 90.18 110.9 140.2 176.7 215 250.4 280.3 306 328.4 348.2 366.7 386.3 410.1 439.3 469.3 491.7 501.5 495.9 476.6 455.1 440.3 432.1 429.8 430.9 431 428.6
270.3 198.5 153 134.2 126.8 111.1 79.85 42.8 12.63 -8.225 -29.13 -61.5 -105.5 -154.4 -201 -233.5 -244.6 -236.7 -211.7 -176.4 -145.6 -127.7 -124.8 -132 -136.1 -126.9 -107.8 -87.47 -71.7 -62.05 -58.02 -59.44 -65.61 -73.72 -78.14 -72.23 -58.99 -43.56 -26.63 -8.459 10.35 26.79 36.61 38.21 36.17 37.34 44.86 54.73 64.29 73.54 85.57 106 136.3 172.3 210.6 247.2 279.4 307.6 332.1 352.9 371 389.2 410.4 435.5 460.8 478.4 482.9 472.6 451 430.6 417.6 411 410.5 414.9 417.7 416.6
132.8 53.79 4.281 -15.92 -21.1 -25.84 -39.37 -61.86 -81.38 -94.74 -107.3 -127.1 -153.6 -185.4 -219.8 -247 -258.3 -253.9 -235.3 -207.4 -179.2 -158.4 -148.1 -145 -139.9 -126.3 -106.8 -87.62 -73.51 -63.9 -58.57 -58.36 -63.09 -71.26 -76.81 -72.01 -59.4 -44.12 -27.45 -8.528 11.25 27.33 35.9 36.55 33.99 34.51 41.39 50.54 58.82 66.52 77.39 97.02 125.2 158.3 194 230.4 264.8 296.8 325.7 350.6 372.3 393.5 416.3 440.4 461.7 473.1 471.3 456.8 435 415.4 404.2 401.1 404.5 410 412.1 408.5
-8.015 -87.84 -141.1 -159.9 -155 -141.1 -133 -135.9 -144.3 -151.6 -158.1 -165.8 -178.3 -197.3 -222.1 -244.4 -256.3 -255.4 -241.9 -219 -192.4 -168.7 -152 -141.1 -129.5 -114.6 -98.2 -83.63 -72.39 -63.92 -57.57 -55.27 -58.41 -64.99 -68.64 -62.99 -52.12 -39.94 -24.79 -6.367 13.25 29.63 37.42 36.87 33.53 33.24 38.18 45.32 51.81 58.09 67.95 84.86 108.9 137.6 168.6 201.4 235.6 270.1 303.7 335.1 364 391.9 420.7 446.9 465.8 471.9 464.6 447 425.7 408 399.8 401.6 408.5 413.7 412.3 402.9
-128.1 -199.2 -249.3 -263.2 -245.9 -215.3 -188.1 -174 -172.4 -175.3 -177.1 -179.5 -184.4 -195.1 -213.4 -231.7 -242.4 -242.4 -231.2 -211.3 -187.2 -163.5 -143.5 -128.1 -113.5 -99.38 -87.18 -77.95 -71.34 -65.25 -59.43 -55.82 -55.93 -57.92 -57.34 -50.6 -42.07 -32.87 -19.98 -2.882 15.59 31.34 38.35 36.63 32.47 31.1 34.21 39.09 43.62 48.8 57.37 71.51 91.34 114.8 139.8 166.3 196.6 230.8 267.8 306.2 343.2 378.4 413.3 443.2 461.7 465.7 455.6 437.6 419.3 406 402.2 407.8 416.5 419.7 412.6 396.3
-208.5 -263 -301.7 -309 -286.4 -246.8 -208 -183.3 -175.1 -173.9 -174.3 -175.8 -178.3 -183.7 -197.2 -212.3 -220.7 -219.5 -208.7 -191.1 -170.1 -148.9 -129.4 -112.6 -97.85 -85.57 -77.34 -73.49 -72.16 -69.63 -65.51 -60.97 -56.38 -51.85 -46.51 -38.89 -31.64 -24.83 -14.78 -0.1575 16.92 31.26 37.45 35.58 30.69 28.2 29.44 32.05 34.9 39.26 47.23 59.61 76.04 94.49 113.2 132.8 157 188.6 227.2 269.9 312 351.9 390.6 423.2 443.7 448.3 439.6 424.5 411.5 405.1 407.2 416.4 424.4 423.6 410.4 388.3
-240.3 -277.6 -302.8 -305 -283.2 -244.4 -203.5 -174.8 -162.5 -160.1 -160.9 -162.2 -162.4 -165.5 -176.1 -188.4 -194.9 -192.5 -182.4 -167.1 -148.9 -130.6 -112.8 -96.69 -82.78 -72.78 -67.91 -68.57 -72.17 -74.19 -72.33 -66.24 -56.78 -45.93 -35.71 -26.59 -20.28 -15.99 -9.493 2.228 17.56 30.93 36.99 35.6 30.6 26.37 25.07 25.57 27.05 30.98 39.06 50.74 64.57 78.87 92.15 105.8 124.8 153.1 190.6 232.8 274.9 315.1 354.2 387.3 409.3 418.6 415 405.5 399.3 401.3 410.6 422.8 428.7 422.4 404 378.9
-233.3 -257 -272.4 -271.4 -251.9 -218.8 -183.5 -157.3 -145 -142.9 -144.1 -143.4 -141.8 -143.8 -152.7 -162.9 -168.2 -166.2 -157.6 -144.3 -128.6 -112.2 -96.17 -81.59 -69.42 -61.31 -59 -62.04 -68.09 -73.09 -72.63 -64.94 -51.71 -36.26 -22.41 -12.9 -8.494 -7.314 -4.319 4.454 18.4 32.15 38.7 37.7 32.3 25.79 21.05 19.69 20.25 23.89 32.47 43.92 56.19 67.54 76.98 87.01 103.7 129.4 162.7 200.7 238.2 274 309.6 340.8 364.9 379.7 383.3 380.1 380.6 389.8 405 418.8 422.6 412.3 391.9 367
-205 -221.9 -232.2 -229.3 -212.5 -186.2 -158.5 -137.5 -127.6 -124.6 -123.3 -121.6 -119.6 -121.3 -129.6 -138.9 -144 -143 -136.3 -124.7 -110.6 -95.56 -80.9 -68.11 -57.54 -50.7 -49.23 -52.23 -57.8 -62.98 -62.6 -54.02 -39.18 -21.74 -7.128 0.7893 2.044 0.03383 0.03845 6.85 20.09 34.2 41.64 40.68 34.2 25.17 17.97 14.64 14.12 17.4 26.16 37.65 48.99 58.54 66.31 75.71 91.63 114.8 143.7 175.4 206.5 235.7 265.2 294.3 320.1 338.7 347.3 350.4 356.1 369.3 386.7 401.1 403.6 393.2 374 352.2
-168.1 -183.1 -191.5 -189.3 -176.5 -156.5 -135.4 -119.2 -110.1 -104.6 -100.8 -99.09 -98.93 -101.8 -109.9 -118.8 -124.1 -123.9 -118.5 -108.7 -96.02 -82.1 -68.6 -56.76 -47.11 -40.44 -38.18 -39.67 -43.3 -46.06 -43.66 -34.12 -20.07 -4.524 7.283 11.32 8.571 3.357 1.625 8.067 21.13 34.81 42.34 41.39 33.84 23.84 15.13 9.778 7.713 10.73 19.59 30.77 41.51 50.45 58.42 68.28 83.53 104.9 130.5 157 182.1 205.7 229.9 256.2 282 301.8 312.9 319.3 327.4 341.2 357.5 370.1 373.2 365.2 350.1 333.4
-131.7 -147.1 -156.5 -157.4 -149.4 -134 -117.3 -103.1 -92.14 -84.32 -80.15 -79.69 -82.37 -87.88 -95.8 -103.5 -108 -107.8 -103.4 -95.5 -84.55 -71.93 -59.09 -47.1 -37.11 -30.07 -26.71 -26.68 -27.5 -25.68 -19.46 -9.153 2.515 12.65 17.65 15.89 8.849 1.47 -0.362 6.727 19.89 32.88 39.79 38.87 32.09 22.03 12.07 4.731 1.192 3.766 12.47 23.14 33.45 42.74 50.96 60.91 75.86 96.29 120 143.5 164.8 184.2 204.5 227.7 251.7 271.5 283.8 291.2 298.9 309.8 322 331.4 334.3 329.8 320 308.7
-103.4 -120.5 -132.4 -136.8 -132 -119.5 -104.7 -90.49 -77.6 -68.41 -64.66 -66.31 -71.87 -79.06 -86.1 -91.36 -93.84 -93.16 -89.83 -84.01 -75.39 -64.05 -51.19 -38.54 -28.01 -20.92 -17.79 -16.85 -14.71 -8.049 2.298 13.31 21.57 24.94 22.08 13.52 3.073 -4.8 -5.694 2.551 16.42 29.22 35.96 35.89 30.25 20.14 8.446 -0.4959 -5.213 -3.506 4.628 14.91 25.1 34.09 42.34 52.71 68.29 88.86 112 134.1 152.8 169.2 186.6 207.1 229 248.1 261.4 269.2 275 281.1 287.8 293.1 294.7 292 286.3 279.1
-88.47 -107.1 -120.4 -125.5 -121.7 -110.8 -96.95 -82.24 -68.18 -58.06 -54.34 -57.09 -63.73 -71.21 -76.9 -79.47 -79.74 -78.66 -76.68 -73.33 -67.61 -57.73 -44.73 -31.57 -21.09 -15.06 -13.24 -12.16 -7.644 2.363 15.42 26.65 31.35 29.55 21.06 8.328 -3.828 -10.91 -10.37 -0.8673 13.24 25.98 33.73 34.69 29.08 17.95 4.941 -5.591 -11.31 -10.59 -3.579 6.303 15.75 23.87 32.39 44.23 61.39 83.2 106.3 127 143.9 158.2 173.3 191.7 212.5 232.1 246.9 255.9 260.4 262 262.8 263.1 261.9 258 252.8 247.8
-88.25 -107 -116.4 -117.6 -112.1 -101.7 -88.92 -74.9 -61.04 -50.94 -46.73 -48.31 -53.83 -60.26 -64.42 -64.76 -63.73 -63.16 -63.45 -63.65 -61.43 -53.4 -40.94 -27.94 -18.32 -14.08 -13.93 -13.1 -7.239 4.705 18.63 28.8 31.31 26.2 15.61 2.743 -8.306 -13.95 -11.54 -1.657 11.98 24.68 33.35 35.14 29.1 17.02 2.655 -9.489 -16.51 -17.07 -11.71 -3.43 4.91 12.72 22.27 36.23 55.72 78.98 101.8 120.9 136.5 149.6 162.9 179.9 200.8 222.4 240.3 251.6 255.7 253.5 248.6 243.5 238.2 231.4 224.7 220.2
-99.48 -113.8 -113.5 -106.3 -96.52 -86.08 -75.2 -63.71 -52.26 -43.17 -38.07 -37.25 -40.06 -44.55 -47.67 -47.4 -46.34 -47.62 -51.71 -56.44 -57.52 -51.38 -40.17 -28.29 -19.86 -16.96 -17.94 -17.67 -11.33 1.218 14.34 22.65 23.03 16.18 5.441 -4.767 -11.97 -13.77 -9.64 -0.1059 12.43 24.67 33.82 36.65 31.56 19.2 3.405 -10.95 -20.36 -23.24 -20.42 -14.38 -7.117 1.253 12.44 28.64 50.14 74.11 96.74 115.5 130.5 142.8 155.1 171 192.1 215.8 237.3 251.2 255.4 251 242 232.3 223.1 213.6 205.6 201.3
-106.2 -112 -101.1 -84.27 -69.83 -60.01 -52.09 -44.93 -37.92 -30.72 -24.8 -21.54 -21.74 -24.46 -27.09 -27.43 -28.19 -32.46 -41.14 -50.22 -54.51 -50.7 -41.46 -31.47 -24.66 -22.73 -24.14 -24.12 -18.02 -6.185 5.547 11.61 8.823 -0.7502 -11.35 -18.23 -19.25 -14.68 -6.15 3.995 15.11 26.49 36.47 41.28 37.93 25.93 8.203 -9.854 -22.99 -29.24 -29.3 -25.1 -18.3 -9.237 3.574 21.14 43.01 66.78 89.65 109.1 124.3 136.2 147.7 162.7 183.2 207.8 231.4 247.4 252.8 248 237.3 225.2 214.3 204 196.7 195.2
