Field data example 2 (Yeshan polymetallic deposit)/Total field anomaly (Yeshan polymetallic deposit).grd
DSAA
187 110
397395 402039
3600802 3603534
-2097 1085
[rows 66 to 98 of 110, columns 76 to 151 of 187]
-93.82 -90.89 -70.93 -46.74 -30.12 -22.43 -19.02 -18.29 -18.17 -14 -7.841 -3.071 -1.826 -3.439 -5.594 -6.758 -10.16 -18.36 -30.61 -43.2 -50.89 -50.09 -43.46 -35.79 -30.96 -30.06 -31.36 -30.85 -24.9 -14.12 -4.194 -1.072 -8.254 -23.29 -35.75 -39.39 -33.44 -19.09 -1.53 11.68 21.39 31.65 43.16 50.39 48.79 36.49 15.75 -7.213 -24.71 -34.44 -36.79 -33.45 -26.44 -16.84 -3.754 13.24 33.64 56.3 79.34 99.79 115.8 127.7 138.6 152.5 172.1 196.2 220.2 237.5 244.6 241.2 230.9 219.1 208.8 200.7 197.2 199.9
-57.5 -46.65 -22.04 3.789 18.98 21.27 17.14 9.31 3.009 4.382 9.681 14.05 15.43 14.49 13.05 11.57 6.007 -5.006 -19.95 -35 -45.69 -48.17 -44.7 -39.88 -37.46 -37.55 -38.52 -37.12 -30.67 -20.64 -13.35 -13.6 -25.04 -46.1 -61.76 -62.52 -47.69 -20.85 7.057 22.96 31.43 40.4 51.95 60.85 60 45.93 21.44 -5.373 -26.26 -38.27 -41.75 -38.65 -31.26 -21.79 -10.59 3.701 21.52 42.58 65.54 86.85 103.5 115.9 126.8 140 158.6 181.7 204.9 222.9 231.8 231.3 223.9 214.2 206.6 203.1 204.7 210.7
0.6732 18.59 42.19 63.41 70.54 62.22 47.53 32.97 23.21 22.13 24.72 26.56 26.8 26.4 26.21 25.01 19.01 6.83 -9.769 -26.69 -39.2 -44.46 -44.25 -42.38 -42 -43 -43.5 -41.11 -34.12 -25.31 -20.45 -23.15 -36.75 -60.47 -78.28 -75.56 -50.45 -12.85 20.26 36.71 43.49 50.11 59.86 67.45 65.61 49.54 22.89 -5.924 -28.26 -40.8 -44.27 -41.06 -33.69 -25.21 -16.85 -6.419 8.381 27.8 50.19 71.3 88.09 101.4 113.3 126.8 145 167 189.7 208.5 219.8 222.5 218.7 212.4 207.8 208.5 214 221.9
73.29 97.37 116.7 126.3 116 89.47 67.36 50.73 39.76 35.75 34.34 32.61 31.32 32.17 34.42 34.64 29.26 16.99 -0.448 -18.49 -32.42 -39.9 -42.46 -42.89 -43.73 -44.86 -44.75 -41.48 -35.15 -27.82 -23.83 -26.72 -40.16 -63.09 -78.66 -71.73 -40.5 0.8967 34.64 49.56 53.24 56.62 62.98 66.92 62.35 46.12 19.94 -8.414 -30.19 -41.86 -44.56 -41.03 -34.15 -27.5 -22.4 -15.32 -3.52 13.86 34.65 54.86 71.68 85.99 99.71 115.2 134.4 156.8 179.7 200.2 214.2 219.8 218.7 215.1 213.1 216.1 223.1 231.2
134.4 163.9 176.6 168.8 135.3 96.81 76.33 62.73 51.23 44.65 39.24 34.15 32.03 34.82 39.62 41.49 36.71 24.49 6.905 -11.59 -26.52 -35.6 -39.72 -41 -41.63 -41.67 -40.21 -36.98 -31.9 -26.11 -22.33 -23.87 -35.37 -54.92 -65.13 -54.03 -24.24 14.32 45.72 57.55 57.7 57.28 59.39 59.27 52.79 37.34 13.75 -11.89 -31.67 -42.05 -43.92 -40.31 -34.32 -30.08 -27.66 -22.94 -13.44 1.093 20.05 39.68 56.96 72.59 88.51 106.6 128.3 152.4 176.7 199.4 216.3 224.2 224.6 223 222.8 225.9 231.1 236.7
170.8 203.1 206.8 180.1 133.8 95.7 79.92 69.62 58.93 50.68 42.54 35.26 33.1 37.4 44.09 47.11 42.57 30.15 12.49 -5.931 -21.32 -31.15 -35.65 -36.38 -35.17 -32.94 -30.19 -27.09 -23.57 -19.48 -16.33 -17.16 -25.78 -40.21 -45.2 -33.79 -7.535 24.7 50.55 59.16 56.5 52.73 51.34 48.92 41.77 27.34 6.529 -15.29 -32.31 -41.5 -43.34 -40.46 -36.2 -33.74 -33.11 -30.29 -23.3 -10.94 6.765 26.66 45.33 62.79 80.91 101.7 126 152.6 179.6 204.9 223.9 233.2 234.6 233.7 234 235.1 236.1 236.9
179.1 208.1 203.2 171.2 127.4 93.53 81.64 74.01 64.83 55.26 45.2 37.23 35.22 40.36 48.11 51.58 46.85 34.08 16.56 -1.465 -16.5 -26.11 -30.16 -29.59 -25.89 -21.45 -17.4 -14.05 -11.63 -9.275 -7.426 -9.093 -16.42 -26.19 -29.49 -19.08 3.703 29.77 48.64 54.3 50.63 45.67 43.17 40.24 33.06 19.68 1.161 -17.69 -32.48 -40.9 -43.54 -42.48 -39.91 -38.71 -39.08 -38.4 -33.46 -22.13 -4.327 16.7 37.56 57.04 76.76 99.09 125.3 154.6 185 213.3 233.6 243.3 244.9 243.6 242 240.3 236.7 233.1
164.1 186.9 181.9 159.6 122 89.91 80.37 75.62 67.48 57.21 46.52 39.09 38.23 43.92 51.59 54.45 49.07 36.23 19.22 2.04 -12.1 -21.1 -24.46 -22.74 -17.35 -11.22 -5.886 -1.958 0.549 1.708 1.15 -2.973 -10.73 -18.72 -19.82 -9.842 9.571 30.19 43.51 45.99 41.91 37.94 36.17 33.4 26.68 14.45 -2.384 -19.6 -33.21 -41.55 -45.51 -46.36 -45.65 -45.69 -47.13 -47.18 -42.81 -31.31 -12.11 11.13 34.17 54.92 74.92 96.96 123.4 154.4 187.7 218.5 240.4 250.5 251.1 248.2 244.4 239.3 233.4 228.3
138.2 161.1 164.6 148.8 114.3 83.84 77.9 75.01 67.55 57.36 47.09 41.27 42.13 47.96 53.77 54.4 47.95 35.62 20.12 4.483 -8.709 -17.26 -20.04 -17.48 -11.22 -4.154 1.96 6.693 9.696 9.949 6.889 0.6812 -7.678 -13.78 -12.06 -1.7 13.75 29.13 37.68 37.5 33.32 30.9 30.43 28.51 22.68 11.71 -4.413 -21.4 -35.09 -44.11 -49.45 -52.12 -53.26 -54.8 -56.36 -55.33 -49.45 -36.73 -16.04 9.072 33.42 53.8 72.26 92.53 117.7 149 184.1 216.8 240.4 251.3 250.2 245.4 239.7 233 227.4 224.6
123.9 154.1 160.6 142.9 108.5 82.82 76.19 72.72 65.04 55.68 46.87 42.99 45.32 49.98 52.93 50.87 43.48 32.73 19.96 6.012 -6.556 -15.14 -17.78 -14.83 -8.202 -1.004 5.37 10.45 13.73 13.75 10.48 4.026 -3.194 -6.498 -2.669 6.311 17.55 27.32 31.63 29.79 26.3 25.33 26.52 26.17 21.62 11.09 -5.051 -22.79 -37.61 -48.01 -54.76 -59.12 -62.04 -64.24 -64.66 -61.43 -53.01 -38.16 -16.78 8.457 32.55 51.32 67.19 84.79 108.2 139.2 174.8 208.2 233.3 245.8 245.5 239.2 232.6 226.9 223.9 222
129.5 158 160.2 137.7 105.3 82.05 74.35 69.07 61.48 52.96 46.43 44.52 46.98 49.83 49.8 45.69 38.43 29.78 19.35 6.618 -5.921 -15.12 -18.5 -15.92 -9.611 -2.716 3.597 8.818 12.44 13.46 11.88 7.86 3.396 2.296 6.22 13.15 20.28 24.98 25.55 23.27 21.4 22.51 25.7 27.23 23.5 12.87 -3.743 -22.52 -39.33 -51.87 -60.54 -66.36 -70.37 -72.23 -70.95 -65.35 -54.18 -37.45 -15.83 8.094 30.1 46.57 59.94 75.33 97.36 127.1 161.4 194.7 221.4 237.2 240.5 236.4 230.4 226.8 224.2 220.8
147 167.4 161.3 137.2 106.2 83.48 73.94 66.57 58.33 50.88 46.39 45.85 47.51 47.91 45.82 40.94 34.5 27.01 17.75 5.681 -7.236 -17.64 -22.47 -21.41 -16.12 -9.279 -2.628 3.226 8.195 11.21 12.09 11.1 9.377 9.298 12.76 17.93 21.91 22.89 21.31 19.49 20.01 23.88 29.31 31.99 28.65 17.8 0.489 -19.77 -38.86 -54.11 -65.23 -72.75 -77.14 -78.59 -76.05 -68.31 -55.07 -36.66 -14.76 7.576 26.49 39.99 52 67.08 88.37 116.1 148.4 181.1 210.4 231.3 240.5 241.2 237.9 232.5 227.3 221
163.2 174.7 163.3 138 110.3 88.32 76.81 66.45 56.83 49.97 46.33 46.07 46.33 44.51 41.29 36.9 30.41 22.99 14.19 2.485 -11.26 -23.46 -30.73 -32.23 -28.35 -20.56 -11.99 -4.052 3.369 8.86 11.99 12.84 12.46 13.52 17.24 21.38 23.61 22.94 20.57 19.7 22.55 29.13 36.37 40.01 37.04 26.15 7.908 -14.29 -36.05 -54.18 -68.09 -77.41 -82.61 -84.11 -81.05 -72.2 -57.36 -37.34 -14.71 6.343 22.36 33.41 45.36 61.62 83.25 110 140.7 172.8 205.7 232.5 248.1 254.2 251.4 242.6 232.8 223
171.3 177 163.4 140.1 116.4 96.7 81.15 66.34 54.56 47.9 44.85 44.09 43.11 40.05 36.43 31.49 24.45 16.69 8.168 -3.387 -17.9 -32.5 -43.19 -47.48 -43.91 -34.1 -22.12 -10.41 -0.1276 7.376 11.48 12.43 12.56 14.77 19.47 23.83 25.83 25.09 23.14 23.16 27.69 35.92 44.77 50.16 48.18 37.18 17.85 -6.668 -31.52 -52.48 -68.63 -79.95 -86.75 -89.43 -86.66 -77.4 -61.37 -39.55 -15.75 4.769 19.23 29.41 41.74 59.51 82.51 109.5 139.1 171.2 206.4 238 259.4 268.5 264.6 252.7 239.4 225.6
169.4 170.9 156.8 136.9 117.5 98.16 78.96 61.1 49.02 43.62 41.82 40.88 38.79 34.98 29.77 23.37 15.91 8.494 0.303 -10.87 -26.04 -42.72 -56.38 -62.48 -58.39 -45.89 -29.96 -14.29 -1.301 6.786 10.2 10.64 10.93 13.9 19.82 25.59 28.67 28.64 27.56 28.41 33.36 42.09 52.08 59.38 58.79 47.81 27.12 0.2196 -27.2 -49.99 -67.7 -80.59 -89.08 -93.48 -91.71 -82.21 -65.07 -41.83 -17.3 2.723 16.74 27.56 40.83 59.84 84.29 111.6 141.3 173.8 209.6 242.5 265.8 275.7 271.9 258.5 243.2 227.6
154.6 150.8 138.8 124 107.1 87.01 66.47 49.87 40.9 38.84 38.84 37.52 33.63 27.41 19.91 12.39 5.406 -0.8991 -8.003 -18.5 -33.91 -51.35 -65.61 -72.19 -67.74 -53.02 -33.94 -15.2 -0.7735 6.743 8.946 8.861 9.091 12.38 19.27 26.53 31 31.98 31.9 33.48 38.49 46.85 56.83 64.58 64.73 53.73 31.69 3.315 -24.94 -48.35 -66.54 -79.82 -89.07 -94.51 -93.57 -83.96 -66.08 -42.7 -18.98 0.06457 14.46 27.1 42.19 62.14 86.62 114.4 144.4 176.6 211.3 242.4 264.4 275 272 258.6 242.6 228
127.5 121.5 112.2 100.5 81.51 60.48 43.63 34.1 32.22 34.76 36.11 33.27 26.27 16.74 7.244 -0.1372 -5.67 -10.13 -15.81 -25.37 -39.99 -56.3 -69.5 -75.51 -70.96 -55.66 -35.07 -15.02 -0.3702 6.139 7.364 6.691 6.755 10.31 17.96 25.88 31.32 33.63 34.88 37.59 42.95 50.54 58.8 64.82 63.79 52.42 30.73 3.15 -24.27 -46.97 -64.41 -77.15 -86.17 -91.59 -90.56 -80.83 -63.53 -41.77 -20.17 -1.989 13.24 28.09 45.07 65.17 88.93 115.9 145.1 175.8 208 236.1 256.3 266.7 264.4 251.6 237.7 225.5
96.53 89.64 76.17 58.38 35.33 16.83 11.76 18.14 25.65 31.68 32.84 26.91 15.83 3.298 -7.179 -13.52 -16.55 -19.03 -23.21 -31.22 -43.59 -57.56 -68.97 -73.83 -68.95 -54.19 -34.56 -15.31 -1.221 4.771 4.952 3.656 3.692 7.687 15.13 22.58 28.35 32.5 36.49 41.75 48.52 55.03 60.16 62.18 57.86 45.76 26.58 2.223 -22.84 -43.91 -60.18 -71.92 -79.97 -84.28 -82.17 -72.41 -57.01 -38.26 -18.85 -1.612 14.18 30.42 48.06 67.92 90.39 115.3 142.1 170.2 198.8 224.4 243.3 252.7 250.2 239.6 228.6 219.1
66.87 53.74 27.41 -1.751 -25.82 -33.05 -17.19 8.431 23.68 29.35 28.18 18.67 3.913 -10.7 -21.42 -26.04 -26.7 -27.4 -30.08 -35.94 -45.58 -56.71 -65.65 -68.83 -63.52 -50.23 -33.09 -16.28 -3.741 1.325 0.7573 -1.23 -0.9702 2.67 9.009 15.6 22.01 28.99 37.7 48.19 58.45 65.37 67.1 63.58 54.73 41.69 24.68 4.017 -18.1 -38.02 -53.6 -64.38 -70.91 -73.24 -69.87 -60.73 -47.63 -31.75 -14.72 1.462 17.04 33.45 50.89 69.85 90.59 113 136.4 161 186.3 209.4 226.7 235.1 233.2 224.8 216.2 208.4
41.16 15.87 -24.72 -63.78 -83.65 -71.1 -33.71 4.359 22.58 26.32 21.59 9.081 -7.777 -23.5 -33.97 -37.53 -36.5 -35.65 -36.75 -40.66 -47.75 -55.64 -61 -61.74 -56.44 -45.42 -31.39 -17.65 -7.831 -4.579 -5.91 -7.893 -8.269 -5.595 -0.4757 5.758 13.8 24.66 39.58 58.26 75.79 86.22 86.95 78.35 63.67 47.44 30.46 11.25 -9.648 -29.55 -45.33 -55.23 -59.92 -60.44 -56.5 -48.36 -37.07 -23.51 -8.716 6.351 21.34 37.04 53.67 71.28 89.94 109.5 129.5 150.5 172.5 193.1 208.8 216.9 215.9 208.9 201.5 195.5
17.5 -20.62 -72.69 -114 -123.9 -93.87 -43.4 -1.21 16.74 18.5 11.73 -2.012 -19.04 -34.61 -45.31 -48.75 -46.73 -44.26 -43.97 -46.19 -50.22 -53.63 -54.52 -52.57 -47.68 -39.87 -29.84 -19.87 -13.49 -12.71 -14.93 -17.35 -18.24 -16.66 -11.96 -5.138 5.353 20.83 42.26 73 102.5 120.4 123.1 110.9 86.34 62.77 43.19 22.91 1.081 -19.65 -35.48 -44.42 -47.74 -47.31 -43.43 -36.29 -26.46 -14.76 -1.714 12.12 26.28 40.98 56.48 72.54 89.02 105.9 122.9 140.8 160.3 178.4 192.6 200 198.8 192.2 186.1 182.3
-9.826 -58.89 -113.5 -146.6 -141.3 -100.5 -49.34 -11.5 2.454 3.181 -2.375 -14.29 -29.89 -45.08 -55.96 -59.58 -56.71 -52.88 -50.97 -50.96 -50.69 -48.8 -45.13 -41.03 -37.48 -33.98 -29.08 -23.9 -21.24 -22.87 -26.33 -29.17 -29.98 -28.6 -24.13 -16.21 -2.836 17.72 47.68 90.84 135 162.6 168 148.7 112.8 81.1 58.26 36.31 13.04 -8.36 -23.67 -31.85 -34.53 -33.77 -30.17 -23.96 -15.42 -5.074 6.488 19.04 32.12 45.77 59.87 74.16 88.5 102.8 117 132.4 149.6 165.8 178.3 184.1 181.7 175.6 171.7 170
-37.06 -87.74 -131.5 -147.3 -127.2 -86.23 -49.32 -29.36 -22.52 -20.88 -20.4 -26.61 -39.56 -54.11 -64.94 -68.29 -65.25 -60.48 -56.63 -53.19 -48.47 -41.61 -34.28 -29.39 -28.39 -29.6 -30.21 -30.06 -31 -34.24 -38.29 -40.63 -40.34 -39.51 -36.02 -27.42 -11.33 14.49 53.14 106.2 160.2 195.9 199.3 173 131.1 96.75 72.39 49.46 25.79 4.858 -9.947 -17.76 -20.48 -20.1 -17.02 -11.61 -4.119 5.078 15.6 26.94 38.89 51.32 64 76.45 88.46 100.2 111.8 125 140.5 155 165.7 169.9 166.3 161.1 158.8 159.1
-61.16 -103.6 -131 -126.7 -98.34 -67.91 -54.8 -55.46 -55.37 -48.47 -37.78 -36.63 -45.81 -58.87 -69.23 -72.86 -70.32 -65.1 -59.12 -52.29 -43.66 -33.72 -24.94 -20.94 -22.7 -28.34 -34.04 -38.33 -41.75 -45.19 -47.62 -47.95 -46.11 -45.68 -43.88 -35.45 -16.93 14.35 58.65 115.1 170.1 202.6 202.9 175.6 136.3 105 82.54 60.55 38.32 19.11 5.159 -2.739 -5.932 -6.249 -3.982 0.6774 7.44 15.86 25.23 35.54 46.37 57.53 68.79 79.4 89.01 98.07 107.1 118.1 131.6 144.3 153.7 158.1 155.9 151.2 150.2 152.5
-78.14 -108.6 -116.7 -100.1 -70.83 -54.8 -61.14 -76.45 -79.35 -65.38 -46.89 -40.41 -45.53 -55.81 -65.93 -70.79 -69.63 -64.49 -56.86 -47.42 -36.3 -25.71 -18.51 -16.64 -21.02 -29.81 -39.15 -46.22 -50.34 -52.1 -51.15 -48 -44.83 -44.62 -43.88 -36.03 -14.99 18.81 62.12 113.4 157.3 179.3 177.7 158.1 127.8 104.1 86.76 68.63 49.66 33.01 20.6 12.79 8.624 7.395 8.856 12.69 18.9 26.57 35.13 44.38 54.26 64.33 74.19 83.02 90.45 96.81 103 111 121.9 133.1 143.3 150.3 150.7 148.1 148.4 153.1
-79.94 -96.36 -91.98 -71.82 -52.18 -47.19 -63.2 -83.42 -84.67 -67.13 -45.35 -35.32 -36.53 -44.42 -54.75 -61.6 -62.56 -58.31 -50.05 -39.11 -27.54 -18.81 -14.93 -16.4 -22.92 -33.01 -42.94 -50.18 -53.13 -51.74 -46.7 -40.49 -35.82 -35.54 -34.48 -25.1 -4.112 26.58 62.49 98.79 125.8 137.9 137.5 127.3 110.3 96.2 86.02 73.51 58.83 45.38 34.82 27.46 22.81 20.64 21.19 24.4 29.7 36.78 44.56 53 62.04 71.29 80.11 87.53 93.06 97.02 100.3 105 113.3 124.5 137.2 147.7 151.8 152.7 155.9 161.1
-58.9 -66.79 -61.31 -49.4 -40.64 -46.19 -61.45 -75.28 -73.93 -56.82 -34.76 -22.53 -21.36 -28.3 -39.26 -48.07 -51.6 -49.09 -41.04 -29.96 -19.47 -13.63 -13.71 -18.56 -26.66 -35.81 -43.54 -48.44 -48.96 -44.43 -36.43 -28.02 -21.82 -19.63 -15.54 -4.27 13.74 35.74 59.06 78.61 91.66 97.96 98.94 96.21 90.66 85.93 82.07 75.46 65.59 55.6 47.15 40.6 35.84 33.09 32.75 34.85 39.48 45.64 52.75 60.4 68.7 77.55 86.09 92.66 96.83 98.89 99.66 101.9 108.8 120.9 136.1 149.9 158.4 163.9 169.1 173.8
-22.21 -29.94 -35.45 -36.72 -38.61 -47.74 -56.84 -60.52 -55.29 -39.56 -19.37 -7.624 -6.094 -12.84 -24.73 -35.59 -41.33 -40.07 -32.22 -21.2 -11.86 -8.596 -12.11 -19.71 -28.24 -35.45 -40.16 -41.95 -39.76 -33.29 -23.91 -14.31 -6.402 0.2288 8.622 20.3 33.45 45.91 56.41 64.47 69.44 71.99 73.2 74.26 75.31 77.24 78.51 76.61 71.18 64.36 57.97 52.32 47.68 44.5 43.31 44.55 48.17 53.61 59.74 66.62 74.24 82.75 91.19 97.43 100.8 101.4 100.4 101.5 108.1 120.6 136.9 153.4 166.4 175.8 182.3 185.9
30.29 15.07 -8.049 -24.91 -34.81 -43.18 -47.54 -46.08 -37.64 -21.93 -5.285 4.092 5.13 -1.703 -14.57 -27.55 -34.79 -33.66 -25.07 -13.55 -4.742 -3.364 -8.972 -17.81 -25.91 -31.41 -33.72 -32.92 -28.62 -21.06 -11.59 -1.89 7.399 17.39 28.62 39.69 48.31 53.24 55.52 57.61 59.13 59.92 61.11 63.96 68.46 74.23 78.8 79.8 77.29 72.67 67.53 62.64 58.08 54.47 52.68 53.19 56.03 60.27 65.63 71.64 78.46 86.38 94.43 100.5 103.4 103.3 101.8 102.7 109 121.1 137.3 155 170.8 182.7 190.1 193.6
86.74 56 14.07 -15.71 -30.31 -38.38 -40.48 -36.01 -25.24 -9.93 4.06 11.83 12.09 4.53 -9.563 -24.19 -32.7 -31.43 -21.58 -8.981 -0.2782 0.3819 -5.283 -13.35 -20.58 -25.19 -26.49 -24.5 -19.06 -11.19 -2.526 6.278 15.71 27 39.36 50.18 56.18 57.56 56.98 57.06 58.15 59.8 62.49 67 73.21 79.93 85 86.5 84.8 81.01 76.32 71.41 67.06 63.32 61.18 61.13 63.1 66.55 70.73 75.57 81.35 88.32 95.53 101 103.7 104 103.2 104.2 109.8 121 136.2 153.6 170.4 183.9 192.3 196.5
126.8 80.61 26.56 -9.562 -26.78 -33.76 -33.24 -26.28 -14.27 -0.3104 11.44 17.44 15.99 6.492 -9.128 -25.26 -34.83 -33.91 -23.56 -10.18 -0.7834 1.136 -2.344 -8.188 -14.04 -18.57 -20.57 -19.27 -14.1 -6.628 0.8613 8.483 17.46 28.95 41.57 52.06 57.52 58.6 58.32 59.46 62.59 67.53 73.83 81.18 88.31 93.73 96.54 96.04 93.17 88.94 83.99 79.07 74.6 71.04 68.95 68.53 69.88 72.39 75.52 78.98 83.55 89.16 95.01 99.52 102.3 103.7 104.4 105.9 110.9 120.6 133.9 150.1 166.6 180.3 190 195.3
139.6 87.16 30.55 -6.884 -23.58 -28.12 -24.43 -15.12 -2.756 9.289 18.23 21.85 18.08 6.264 -11.41 -29.53 -40.59 -40.74 -31.63 -18.33 -7.091 -2.007 -1.879 -4.703 -9.203 -14.38 -18.43 -19.02 -15.08 -8.289 -1.172 5.991 14.7 26.02 38.21 48.12 53.51 56.08 58.35 62.36 69.28 78.84 90.08 100.6 108.1 111.3 110.5 106.8 101.7 96.13 90.74 85.64 81.2 77.71 75.74 75.36 76.34 77.82 79.76 82.28 85.69 89.9 94.15 97.77 100.9 103.9 106.5 109.1 113.5 121.2 132.2 146.3 161.5 175.4 186.3 192.6
126 80.47 28.99 -4.561 -18.42 -19.83 -12.8 -1.848 9.476 18.32 23.68 24.29 18.68 5.422 -13.86 -34.19 -47.9 -50.98 -44.31 -31.71 -18.5 -9.501 -5.294 -5.258 -8.878 -15.46 -21.88 -24.62 -22.04 -15.57 -7.662 0.7093 10.19 21.3 32.66 41.76 47.15 51.4 56.86 64.58 75.69 90.08 105.2 118 125.6 126.7 122.7 116.2 109.5 102.9 96.96 91.58 87.16 83.93 82.06 81.62 82.05 82.84 84.02 85.85 88.61 91.79 94.92 98.05 101.8 106.5 111.4 114.9 118.1 123.3 130.8 141.7 156 170.6 182.2 189
