Field data example 2 (Yeshan polymetallic deposit)/Total field anomaly (Yeshan polymetallic deposit).grd
DSAA
187 110
397395 402039
3600802 3603534
-2097 1085
[rows 0 to 32 of 110, columns 76 to 151 of 187]
126.5 135.4 140.2 140.9 139 136.4 132.9 124.9 111.9 97.26 74.82 53.2 58.06 87.79 136.3 189.2 213.8 192.3 147.9 102.9 72.71 59.75 56.73 59.01 71.47 102.6 152 202.9 234.7 235.1 209.4 172.9 139.8 113.3 92.6 76.79 65.2 58.71 57.52 59.73 60.57 57.23 50.79 44.2 40.54 40.59 40.56 37.4 32.59 27.61 23.95 22.15 19.71 16.11 12.84 11.95 17.63 33.44 49.92 54.52 41.18 13.89 -15.64 -33.31 -35.49 -26.77 -14 -2.684 3.021 4.299 6.168 11.04 19.29 30.27 44.63 61.88
139.2 148.6 151.6 146.8 137.4 127.7 119.2 107.7 90.76 68.82 33.59 -3.15 -6.459 46.24 133.8 209.5 223.5 174.9 106.2 53.64 31.39 27.33 27.74 27.16 32.1 55.34 97.41 143.3 176.3 186.4 172.2 146.6 122.5 102.1 84 67.97 54.73 45.83 42.46 43.95 46.99 49.21 49.6 48.11 46.49 45.03 41.95 37.69 34.86 32.1 29.26 27.02 24.02 20.11 16.78 16.03 22.47 38.88 54.29 55.47 35.67 -0.7914 -37.84 -55.32 -50.99 -33.55 -13.34 -0.1522 2.948 2.566 4.533 10.24 18.54 28.74 42.28 58.64
157 164.4 163.4 152.9 137.4 122.6 110.7 95.82 74.05 44.4 -2.066 -50.55 -48.92 19.98 126.7 199.6 193.9 119.4 37.19 -8.005 -10.03 1.926 8.479 4.705 0.1214 10.09 40.07 79.32 115 134.6 133.8 120.3 104.9 90.59 76.44 62.47 50.13 41.26 37.51 39 43.31 48.93 54.28 56.08 53.14 46.06 37.48 31.33 29.29 27.95 26.17 24.39 22.03 18.98 16.27 16.19 22.45 36.2 46.3 42.14 20.39 -16.61 -53.77 -68.8 -57.99 -33.42 -10.41 0.4015 0.03048 -1.58 1.576 9.516 19 29.27 41.77 57.43
177.4 182 177.3 164.1 146.8 129.9 115.5 97.19 69.18 30.53 -24.67 -71.22 -60.31 11.83 102.4 156.7 131.6 45.46 -30.05 -54.02 -33.36 -5.923 5.709 -1.22 -14.33 -16.86 -0.3197 32.54 68.29 93.75 101.9 97.67 88.4 78.5 68.46 58.48 49.09 42.14 38.78 39.83 44.78 52.47 60.8 64.2 58.72 45.19 31.38 23.15 20.33 17.9 15.24 13.06 11.04 9.511 9.327 9.871 13.83 21.87 25.74 19.24 -0.07174 -30.34 -59.9 -69.79 -56.34 -30.83 -10.47 -3.776 -6.759 -7.635 -1.171 10.15 21.81 32.84 44.92 60.26
195.4 197.8 192.6 182 167.9 152.8 137 113.8 78.5 30.54 -24.06 -63.09 -53.23 -0.9683 60.3 84.17 52.74 -17.86 -69.9 -71.04 -32.66 4.517 18.74 10.28 -7.343 -17.45 -10.19 13.33 44.63 70.67 82.22 81.15 74.42 67.3 61.02 55.56 50.94 46.47 43.16 43.16 48.38 57.43 66.54 68.92 60.37 42.82 25.81 15.53 10.59 4.721 -1.069 -5.037 -6.94 -5.484 -2.901 -2.754 -2.801 -1.141 -1.445 -7.155 -20.14 -39.67 -57.1 -59.85 -47.66 -29.23 -14.75 -11.5 -15.28 -13.63 -2.802 12.59 26.8 38.97 50.85 65.47
207.4 210 208.6 205.8 199.3 188.7 172 142.9 100.1 50.04 -0.8008 -38.37 -46.44 -24.65 3.853 8.418 -12.86 -46.5 -67.63 -53.26 -10.28 27.02 41.15 33.02 15.47 3.437 4.344 18.86 41.6 63.46 74.22 73.2 66.44 61.14 57.81 57.08 56.8 53.98 49.31 47.72 51.32 59.04 65.71 64.45 53.27 35.74 20.13 9.866 2.056 -8.035 -18.32 -24.77 -25.56 -21.49 -18.06 -19.98 -24.14 -27.67 -31.43 -35.56 -40.8 -48.13 -53.46 -50.94 -42.24 -31.81 -24.84 -23.33 -24.74 -20.02 -5.434 13.76 30.53 43.83 55.19 68.58
210.6 214.8 219.3 225.7 229.3 224.5 207.5 174.2 130.1 82.26 34.61 -6.903 -33.09 -39.83 -34.03 -28.76 -25.97 -27.07 -23.33 -4.775 26.43 52.36 62.58 56.43 42.93 31.94 29.58 37.66 53.06 68.61 76.59 74.76 67.76 62.4 61.57 63.88 65.38 62.41 56.77 52.74 52.41 54.35 54.51 48.51 36.91 23.48 13.53 5.671 -4.356 -18.75 -32.33 -39.9 -39.78 -35.3 -33.25 -38.87 -48.27 -57.85 -65.65 -69.16 -68.21 -65.79 -62.55 -57.69 -51.25 -45.4 -42.11 -40.36 -37.49 -28.99 -12.03 9.454 28.48 42.86 54.15 66.86
204.6 209.7 219.4 234.1 245.9 247.1 231.8 201.8 163.4 122.3 79.92 37.74 1.008 -21.41 -25.28 -13.31 7.806 26.88 39.76 50.91 61.59 70.05 74.09 70.88 63.25 55.81 53.19 58.38 70.34 81.96 87.35 84.77 77.65 72.17 71.93 74.73 75.32 72.2 65.73 58.25 51.19 43.31 33.06 22.3 12.73 6.203 3.857 -0.2341 -11.25 -27.54 -41.8 -48.77 -48.66 -45.74 -47.15 -57.4 -73.64 -90.33 -102.9 -107.4 -104.3 -97.96 -91.13 -84.9 -79.12 -73.65 -69.07 -64.55 -57.66 -45.36 -26.59 -4.32 16.29 33.19 46.78 60.74
192.4 197 209.7 229.3 246 251.6 243.6 222.5 194.6 164.5 131 93.04 55 27.89 19.57 30.53 55.79 80.26 91.37 89.85 82.89 77.33 76.01 76.12 75.14 73.13 72.64 77.54 87.99 97.6 101.1 97.86 90.69 85.88 85.66 86.63 85.88 82.18 74.66 62.79 45.63 24.03 2.271 -12.88 -18.68 -16.38 -10.17 -8.848 -18.28 -33.11 -45.57 -51.06 -51.02 -51.6 -58.64 -74.75 -97.41 -120.8 -138.4 -146.2 -145.5 -141 -135.7 -130.5 -125.1 -118.6 -111.1 -102.8 -91.97 -76.29 -55.66 -31.97 -8.275 13.83 33.72 52.4
180.4 182.8 194.9 214.8 232.8 243 243.2 233.4 217.3 199.6 177.3 148.5 116.5 90.78 79.15 84.35 102.8 120.8 124.7 113.6 95.24 80.8 75.55 77.84 82.38 85.36 87.94 93.34 101.8 109.1 111.3 107.7 101.9 98.67 98.22 97.57 95.28 90.91 81.62 64.98 37.22 2.197 -30.07 -48.19 -49.48 -38.45 -24.28 -17.82 -24.39 -36.35 -45.8 -49.44 -49.86 -54.63 -67.94 -89.87 -117.7 -145.6 -167.5 -180 -184.8 -186.7 -187.1 -186.4 -183.7 -177.5 -168.5 -157.6 -143.2 -124.1 -101 -74.04 -44.27 -13.46 16.13 43.51
171.9 171.4 180.2 196.7 214.9 228.5 234.6 233.8 229 221.7 210.7 193.2 170.3 148.1 134 131.8 139.3 145.9 142 126.4 104.4 85.25 77.19 79.62 87.2 93.92 98.44 102.5 107.1 110.5 111 109.2 106.5 105.2 105.2 104.2 101.5 96.99 87.04 66.58 32.39 -10.56 -49.57 -69.14 -67.21 -50.76 -32.31 -24.6 -30.11 -38.22 -44.21 -46.8 -48.68 -56.93 -75.7 -102.7 -134.1 -164.2 -187.6 -204 -215.3 -225.1 -233.8 -240.1 -243.2 -240.8 -233.9 -223.5 -207.1 -184.7 -158.6 -126.9 -88.82 -47.08 -5.802 32.73
167.9 165.5 171 183.3 199.4 213.7 222.8 227.9 230.4 230.9 228.9 221.5 207.2 190 175.6 166.8 164.1 161.8 153 135.5 112.8 92.18 80.46 80.66 88.52 96.75 100.5 100.7 100.2 99.18 99.07 101.3 103.8 104.9 106.1 106 104.4 101.6 92.4 70.94 34.85 -9.997 -50.48 -71.13 -68.64 -51.39 -34.29 -28.82 -33.65 -38.38 -41.59 -44.41 -47.73 -59.09 -82.26 -113.3 -146.3 -176 -199 -217.5 -234.3 -251.6 -268 -281.9 -291.8 -296.2 -295.2 -289 -274 -251.3 -223.1 -185.9 -139 -87.24 -34.61 15.69
167.6 165.4 168.1 175.3 186.4 198.3 208.6 217.7 225.8 231.7 236.1 235.8 229.2 218.5 206.4 194.3 185 177.7 166.7 146.8 122.5 99.25 83.21 79.57 86.02 91.86 92.2 87.65 81.9 78.66 80.63 87.49 94.57 98.95 101.6 103.1 103.8 103.5 97 77.86 44.13 2.08 -35.91 -55.73 -55.21 -42.51 -30.48 -27.87 -33.04 -36.35 -38.76 -41.29 -46.33 -61.18 -89.07 -122.5 -155.8 -184.3 -206.3 -225.7 -245.9 -268 -289.5 -308.8 -324.9 -336.1 -342 -341.9 -332.7 -313.4 -284.5 -242.8 -190.3 -132.4 -72.06 -12.24
168.8 168.6 168.4 169.3 173.9 181.9 192.8 208 222.1 232.2 239.8 244.2 243.9 239.5 230.4 217.9 206.1 196 183.2 161.2 132.8 105.2 85.45 78.83 80.59 80.76 75.8 67.34 59.18 56.48 61.38 71.28 81.59 89.01 93.61 97.16 100.4 102.3 98.63 83.75 55.52 18.72 -14.6 -32.2 -34.79 -28.83 -21.96 -22.49 -29.63 -34.38 -36.32 -38.93 -46.55 -66.35 -97.32 -132.2 -165.5 -193.9 -215.8 -235.8 -257.3 -280.3 -303.2 -324.4 -343.5 -359 -370.2 -376.5 -373.8 -359.2 -331.1 -289.3 -236.7 -178 -114.9 -50.43
169.6 171.1 169 163.6 161.8 167.2 182.1 204.7 224.9 237.1 245.4 251.5 255 254.4 248.2 237.1 225.5 214.6 199.9 175.4 143.6 112.4 90.71 79.92 75.28 68.68 58.26 46.7 38.74 37.36 43.53 54.71 66.83 76.89 84.26 90.2 94.91 97.17 94.57 83.18 61.26 31.46 3.84 -11.94 -16.62 -14.31 -11.72 -15.65 -24.81 -31.04 -34.15 -38.42 -50.46 -74.2 -107.7 -144.2 -178.8 -208.3 -232.1 -253.5 -274.8 -296.5 -317.7 -337.3 -355.1 -371.1 -384.7 -394 -395.1 -383.6 -358.2 -319.5 -271.5 -216.6 -155 -90.74
170.1 172.4 168.7 159.8 153.9 160.5 181.4 210.5 233.6 245.8 252.3 256.7 259.4 260.8 257.6 249.4 239.9 229.9 214.2 187.6 154.9 123.9 100.4 86.58 77.04 64.84 49.81 35.83 26.82 24.65 29.59 39.75 52.51 64.87 75.1 82.43 86.79 87.68 84.2 74.8 58.4 36.19 14.69 1.336 -2.625 -1.877 -2.478 -9.142 -19.16 -26.73 -32.84 -41.92 -58.18 -85.28 -121.3 -160.4 -198 -230.9 -258.3 -282.2 -303.7 -323.3 -341.6 -357.6 -371.3 -384 -395.5 -402.7 -402.2 -390.4 -366 -331.1 -288.6 -239.5 -182.5 -121.9
171.1 173.4 168.3 158.3 154.1 163.3 187.5 219.1 241.7 250.9 253.1 252.6 253.1 255.8 256.2 251.7 245.4 237.4 222 195.5 164.6 136 114.5 101.4 92.09 78.17 60.35 42.46 28.42 21.21 21.57 28.51 40.36 54.21 65.85 73.5 76.83 75.92 71.03 62.66 50.85 35.81 21.91 13.98 11.26 10.43 7.056 -1.521 -12.62 -22.45 -33.32 -48.19 -69.98 -100.9 -140.3 -183.1 -225.5 -263.6 -295.7 -322.9 -345.5 -364.2 -380.6 -393.4 -401.5 -407.9 -412.7 -412.5 -404.9 -387.4 -360.2 -326.6 -288.5 -244.1 -192.4 -137.8
172.2 173.7 167.9 160.2 159.7 171.3 194.3 222.2 240.6 244.7 240.7 235.7 235.6 240.6 244.3 244 241 234.6 220.7 197.1 169 145 130.9 126 122.7 112.4 93.04 68.84 45.87 29.03 21.99 24.29 33.82 46.54 57.78 64.99 68.07 67.12 62.31 55.12 47.06 38.65 32.48 29.39 26.86 22.92 16.58 6.471 -5.995 -19.25 -35.26 -56.33 -84.64 -121.3 -165.1 -213 -261.4 -306 -344 -375.8 -401.6 -422.3 -439.2 -449.2 -451.5 -449.7 -444.4 -432.3 -412.8 -385.3 -351.8 -316 -277.6 -234.5 -186.1 -137.4
173.5 174 169.7 165.5 167.7 179 197 215.3 224.6 222.2 213.8 208 209.7 217.9 225.5 229.2 228.5 222.6 209.3 188.7 165.8 150.2 148.9 159.1 168.3 164.8 144.8 112.9 77.68 49.37 33.28 29.84 34.77 43.98 53.07 59.82 64.19 65.8 63.05 57.89 52.93 50.1 49.04 47.74 43.24 35.43 25.49 14.04 0.642 -15.5 -36.68 -64.6 -100.5 -144.6 -195.4 -250.5 -306.4 -358.5 -403.6 -442.4 -475.1 -501.4 -520.6 -529.1 -526.1 -515 -496.2 -468.3 -433.7 -394 -351.1 -308.6 -265.3 -219.1 -170.9 -126.2
174.6 175.6 173.3 171.4 174.5 182.3 191.2 196.5 194.2 185.6 177.6 175 180.8 192.9 204.4 210.6 210 202 187.8 170.2 155.8 153 166.7 193.6 217.2 221.3 201.1 162 116.4 78.46 54.75 44.61 43.94 48.28 54.56 61.87 69.05 74.01 74.19 71.37 68.78 68.5 68.92 66.54 58.54 46.68 34.08 22.27 8.736 -9.793 -36.54 -72.66 -118.4 -172.6 -233.4 -298.2 -363.4 -423.9 -477.7 -526.4 -569.5 -604.6 -628.7 -637.4 -629.2 -606.3 -570.9 -525.1 -474 -420.3 -366 -313.3 -261.6 -209.1 -158.8 -114.7
176.2 178.1 177.6 177.2 179 181.3 179.6 171.3 157.8 145.2 139.4 142.6 153.8 170 184.2 191.5 189.1 177.2 161.1 147.5 143.5 154.8 182.9 221 253.6 263.9 244.2 202.1 152.4 110.1 81.7 66.49 60.04 59.9 64.08 72.18 81.99 89.87 92.71 92.06 90.99 91.04 90.02 84.81 73.26 58.02 43.91 33.37 19.95 -1.531 -34.94 -81.18 -139.8 -207.1 -282 -360.9 -438.3 -509.6 -573.7 -633.2 -688.7 -736.1 -768.1 -778.5 -763.9 -726.6 -672.9 -609.4 -541.7 -473 -404.9 -339.2 -275.6 -214.6 -158.9 -112.5
177.9 181.1 182.6 183.4 183.7 180.7 170.6 152.4 131.5 116.2 112 119.3 134.9 153.3 168.7 175.9 172.1 157.5 140.6 131.9 137.1 159.3 195.2 236.2 269 280.8 264.6 226.1 179.4 138.2 109 91.11 80.81 77.51 80.96 89.08 99.86 109.8 114.8 116.1 116 114.9 111.1 102.1 87.31 69.9 54.55 43.6 29.63 3.95 -37.65 -95.37 -166.3 -248.6 -342.9 -443.1 -540.3 -627.7 -703.8 -772.5 -840.7 -902.6 -944.5 -955.8 -932.6 -878.8 -807.9 -730.6 -649.9 -567.2 -482.9 -399.3 -318.4 -243.5 -178.2 -125.2
179.9 185.1 188.6 190.6 190 183.7 169.4 147.7 124.7 108.3 103.8 111.4 127.7 146.4 161.6 168.5 163.9 148.8 133.3 128.5 139.7 165.6 200.7 236.7 263.6 273.5 262.5 233.5 195.6 160.4 133.6 115.4 103.7 99.46 101.9 109.4 120 130.6 137.5 140.6 140.9 137.9 130.8 118.3 100.9 82.04 65.54 51.55 33.26 2.205 -48.19 -114.8 -195.8 -293.1 -414.6 -547.5 -674.6 -785.2 -875.5 -949.8 -1028 -1107 -1158 -1167 -1130 -1058 -974.4 -895.4 -813.5 -723.6 -623.6 -515.3 -408.4 -310.1 -226.5 -159.1
181.8 188.4 194.1 197.7 197.5 191.6 178.3 159.2 139.3 124.2 117.6 121.9 134.8 151.2 164.9 171.1 165.8 151.1 138.3 137.2 149.2 172.5 201.1 227.6 246.4 254 248 229.9 204.3 178 156 139.7 128.5 123.1 124.1 130.6 140.6 151.4 159.8 165.1 166.2 161.8 151.4 135.7 116.3 95.79 75.68 55.69 29.53 -9.756 -64.92 -137.1 -227.5 -343.9 -504.1 -682.2 -845.4 -981.2 -1080 -1150 -1233 -1328 -1390 -1392 -1337 -1250 -1170 -1107 -1041 -957.8 -848.8 -712.8 -568.1 -434 -318.7 -225.6
184 191.3 198.6 204.4 206.6 204.3 196.5 184.3 170.7 158.3 150 149 155.8 166.8 177.4 181.7 175.4 161.1 151.6 152.7 163.3 181.6 203.5 220.5 231.8 237.4 235 225.8 211.3 194.1 178 164.6 152.9 145.9 145.1 150.1 159.7 171.1 181.5 189.5 192.5 187.5 174.6 155.7 133.6 108.9 82.26 53.46 17.87 -26.77 -83.01 -155.4 -252.9 -389.3 -586.8 -810.3 -1006 -1159 -1260 -1334 -1434 -1550 -1616 -1610 -1543 -1457 -1400 -1369 -1335 -1274 -1162 -993.6 -806.4 -625.7 -466 -332.7
188.4 195.3 203.2 210.7 216.3 218.9 217.9 214 207.8 199.2 190.5 185.1 185 189.5 195.1 196 188.1 174.5 166.9 169.5 179.4 195 210.6 219.6 225.6 230 230.1 226.4 219.9 210.4 199.7 187.9 175.4 166.7 164.4 167.7 176.2 188.2 200.9 212.2 218 213.9 199.6 177.5 149.9 118.5 83.87 45.94 5.075 -39.49 -91.58 -159.5 -258.8 -410.2 -633.7 -888.2 -1107 -1266 -1382 -1492 -1631 -1761 -1822 -1808 -1745 -1675 -1646 -1654 -1658 -1624 -1511 -1321 -1100 -876.7 -663.7 -481.3
197.2 202.1 209.1 217.1 224.8 231.2 235.5 237.9 238.2 234.6 227 219 214.2 213.9 214.4 210.5 199.6 184.7 177.1 181.2 192 206.2 217.3 222.3 226.8 232.2 233.1 231.8 229.7 225.7 218.3 207.4 194.9 185.9 182.1 183.3 189.6 200.8 214.6 228.5 237.7 236.9 222.7 196.6 162.4 122.9 81.27 40.74 1.234 -37.88 -80.64 -138.6 -234.4 -390.8 -623.5 -882.8 -1103 -1275 -1429 -1596 -1775 -1920 -1980 -1968 -1920 -1876 -1871 -1904 -1933 -1914 -1808 -1618 -1386 -1133 -880.6 -658.5
210 211.4 215.9 223 231 239 246.4 253.2 258.3 258.7 253.1 244.2 237.2 233.8 230.6 221.3 205.4 188.3 181.5 188.1 200.8 213.6 223.3 228.7 235.2 240.9 241.3 240.2 239.8 237.9 232.8 223.9 212.9 204.2 199.2 198 200.9 208.8 221 234.9 246.1 248.7 235.5 206 165.6 119.9 76.85 40.69 9.046 -20.16 -51.47 -97.07 -181.8 -329.3 -545.8 -783.2 -995.1 -1191 -1393 -1604 -1814 -1976 -2051 -2058 -2037 -2021 -2035 -2067 -2080 -2048 -1950 -1777 -1556 -1307 -1059 -832.8
224.2 220.9 222 227.1 234.6 243 251.8 261 268.4 270.4 265.9 258.1 250.8 245.7 239.1 224.3 203 184.3 180.1 190.4 205.8 220.2 231.1 239.3 247 251.8 250.4 248.5 247.9 247 244.5 239.2 230.7 222.6 216.5 212.6 211.4 214 221.1 231.1 240.8 244.4 232.5 202.3 159.2 113.5 75.5 48.47 28.32 11.03 -8.567 -41.67 -109.3 -231.6 -409.7 -616 -823.4 -1037 -1266 -1503 -1721 -1895 -1998 -2043 -2058 -2071 -2090 -2097 -2074 -2014 -1906 -1751 -1562 -1360 -1156 -962.1
232.3 225.3 223.7 228 236.2 245.6 255.2 264.5 270.8 271.8 267.7 261.4 255.3 249.5 239.4 219.9 195 176.6 176.5 192.1 212.5 231 245.3 253.3 259.7 262.7 259.3 255.5 254.6 255.6 256.7 255 249.3 242 235 228.6 223 219.3 218.8 220.5 224.6 226 214.3 186.8 149.7 110.6 80.69 64.37 55.66 49.61 39.91 17.78 -32.48 -126 -264.5 -439.7 -637.1 -844.1 -1067 -1291 -1490 -1658 -1791 -1881 -1941 -1986 -2003 -1983 -1925 -1835 -1712 -1567 -1427 -1290 -1152 -1011
229 221.3 220.3 226.9 238.1 249.7 260.7 269.5 272.9 271 266.4 261.2 256.2 248.6 233.6 209.9 183.9 168.5 173.8 196.6 224.5 248.9 263.9 270.1 272.7 272.7 267.4 262.7 262.4 265.5 269.5 270.9 267.9 261.8 254.6 246 235.7 225.4 216.4 207.7 203 199.7 188.2 168.1 142.5 113.1 90.67 82.78 83.48 85.8 83.62 70.59 35.42 -31.68 -132.8 -270 -436.2 -612.6 -796.2 -977.5 -1139 -1293 -1436 -1557 -1662 -1745 -1775 -1747 -1672 -1564 -1436 -1314 -1210 -1129 -1055 -974.9
213.8 210.2 214.3 225.8 241.5 256.9 270.3 279.3 280.7 276 269.3 263.9 257.5 245.4 224.1 196.1 171.6 163.1 176.8 207.9 243.6 271.3 284.8 287.2 285.7 281.5 275.4 272.4 273.5 276.8 281.7 286 285.5 281.2 274.3 263.1 247.7 231.6 215.5 197.8 183.5 175 166.8 155.5 138.9 117.1 101.1 98.79 104.9 113 116.9 111.6 90.99 50.12 -13.61 -107.3 -227.6 -355.1 -487.7 -620.1 -743.7 -864 -990.9 -1122 -1256 -1370 -1427 -1416 -1350 -1251 -1147 -1057 -983.9 -933.6 -904.2 -868.4
190.9 196.7 209.2 227.3 248.6 268.9 285.6 295.8 296.5 289.9 281 272 261 242.6 214.1 182.5 161.9 162.6 186.6 224.8 263.9 291.5 302.3 301.1 296.7 291.3 286.9 285.8 286.2 286.6 290.2 295.8 298.5 295.5 288.3 274.7 255.6 235.7 214.8 190 169.4 158.8 153.9 147.5 135.3 118.3 107.2 107.9 117.1 129.7 140.3 143.9 138.9 123.8 96.68 48.22 -19.14 -93.87 -179.3 -272.5 -354.7 -435.4 -531.4 -652.1 -787.8 -912.3 -990.2 -1012 -986.3 -933.4 -874.9 -823.1 -778.7 -751.1 -739.6 -723.2
