Field data example 2 (Yeshan polymetallic deposit)/Total field anomaly (Yeshan polymetallic deposit).grd
DSAA
187 110
397395 402039
3600802 3603534
-2097 1085
[rows 0 to 32 of 110, columns 0 to 75 of 187]
168.1 153.1 135.8 120.4 109.6 102.3 94.97 86.22 73.66 59.42 48.84 42.39 39.37 37.72 34.86 29.28 21.86 13.89 6.51 -0.02119 -5.104 -7.598 -7.173 -4.731 -1.091 4.001 11.41 22.29 37.98 60.42 88.61 117.9 139.5 145.1 138.8 129.8 125.8 123.3 115.3 96.82 74.91 56.42 44.6 38.21 34.71 30.67 24.83 17.81 11.71 7.668 -0.1922 -14.73 -26.42 -27.93 -19.94 -2.226 15.22 19.99 9.675 -12.45 -42.43 -81.59 -125 -158.2 -160.3 -125.3 -62.2 0.6243 43.06 59.97 66.19 71.86 80.08 90.36 102.1 114.6
178.8 163.4 148.5 135.2 124.2 110.8 97.05 83.26 67.24 50.71 37.27 27.61 21.89 18.38 15.12 11.32 6.759 1.592 -3.392 -7.983 -10.99 -11.01 -8.035 -2.852 3.807 12.59 24.64 41.23 63.37 92.93 129.9 169.4 199.5 208.8 199.7 182.2 163.1 146.6 129.2 105.8 81.52 61.88 49.58 42.83 38.7 34.4 28.31 21.12 16.24 17.21 13.26 2.669 -4.076 -6.541 -5.284 7.118 22.07 25.85 18.72 1.678 -25.28 -63.58 -106 -137 -134.8 -96.1 -36.65 22.39 62.19 78.41 86.03 93.25 100.7 108.1 116.6 127.2
189.7 173.1 157.7 145.8 134.1 119 98.92 77.61 54.56 32.64 14.81 2.782 -3.09 -5.297 -6.475 -7.909 -10.19 -13.35 -16.39 -18.89 -19.68 -17.24 -11.56 -3.445 6.697 19.8 37.48 61.1 91.5 130.5 178 229 269.6 283.7 267.5 232 191.2 155.3 127.9 105.5 83.85 65.51 54.05 47.39 43.26 39.19 33.77 27.86 25.5 29.73 31.35 24.69 16.28 7.488 4.941 13.78 23.87 26.08 21.97 10.8 -9.371 -39.84 -72.95 -94.58 -84.74 -48.6 -1.398 43.69 76.4 91.26 102.2 113.3 121.8 128.6 136 145.7
200.8 185 168.6 155 140.8 123.4 100.2 69.32 35 4.303 -18.39 -30.54 -30.79 -26.27 -22.97 -22.22 -23.82 -26.85 -29.83 -31.59 -30.92 -26.7 -18.78 -7.86 5.817 23.32 46.71 77.87 118.1 168.6 227.9 288.7 335.6 350 318.8 259.4 196 144.5 114 99.81 84.93 69.32 58.92 52.73 48.56 44.86 40.84 37.51 37.14 41.43 42.7 34.69 19.12 7.373 4.93 9.925 14.92 16.13 15.16 11.29 2.626 -14.89 -35.11 -44.67 -32.49 -4.221 28.56 58.24 80.31 95.61 112.2 129.2 141.5 150.1 158.2 167.6
210.8 197.2 180.6 164.5 147.3 126.9 98.85 56.7 8.587 -32.91 -60.02 -66.73 -53.09 -36.99 -27.42 -24.82 -27.39 -32.91 -38.72 -42.6 -42.82 -38.46 -29.66 -16.87 -0.2747 20.83 48.78 86.68 137.1 200.5 272.2 340.1 386.2 391.5 343.8 262.5 181.6 125.8 101.7 95.58 86.38 73.96 64.88 58.59 53.87 49.92 47.73 46.88 47.34 49.03 43 25.85 7.931 -3.383 -6.086 -4.19 -2.433 -0.434 3.466 8.777 11.25 5.339 -4.054 -6.635 4.483 24.37 44.93 63.1 79.07 96.59 119.9 143 160.1 171.6 180.1 187.7
218.5 207.1 192.2 175.4 155.8 132.2 99.46 49.07 -11.29 -62.56 -89.83 -85.05 -57.22 -30.11 -14.51 -10.42 -15.48 -25.8 -37.36 -46.79 -51.23 -49.57 -42.08 -29.26 -11.62 10.83 40.71 82.33 140 214.4 297.5 370.5 410.7 402.3 339 245.7 161.5 112.5 96.02 94.79 88.98 79.13 71.09 64.19 57.67 52.6 50.42 50.29 50.01 46.26 30.39 7.213 -11.48 -21.16 -25.2 -23.91 -20.65 -15.21 -4.73 8.008 17.98 19.6 17.14 18.62 28.21 41.25 53.5 65.64 80.03 99.73 127.2 155.2 176.1 189.3 196.6 201.7
223.3 215.2 201.9 185.7 165.4 140.1 105.3 52.06 -11.62 -64.74 -86.42 -73.13 -36.52 -2.458 17.18 21.45 12.94 -3.868 -23.17 -40.37 -51.9 -55.9 -52.33 -42.09 -26.66 -6.483 20.88 60.2 117 193.2 280.4 355.5 388.8 368.5 298.2 210.1 140.8 105.2 95.48 95.92 91.32 82.85 75.34 67.54 58.46 50.37 45.91 43.77 40.67 31.31 13.29 -9.371 -29.21 -40.55 -42.67 -39.77 -31.68 -19.42 -4.447 11.88 25.1 30.45 31.95 35.71 43.57 52.5 61.31 72.07 86.91 108.2 137 166.2 187.9 199.8 204.7 207
225.1 220.3 209.7 194.6 174.3 149.4 116.8 67.96 12.66 -28.87 -45.41 -31.68 4.754 40.09 60.36 63.23 50.78 28.05 1.234 -23.9 -43.46 -55.17 -57.95 -53.04 -42.78 -28.69 -9.125 19.69 63.95 127.4 204 272.2 301.6 279.8 222.1 159.2 118.4 103.3 99.36 97.11 91.63 83.55 75.98 67.21 54.3 41.1 32.55 27.51 23.19 16.65 3.848 -15.6 -35.78 -48.34 -49.72 -43.94 -30.57 -12.58 4.686 20.14 33.14 40.07 44.09 49.38 56.81 64.88 73.8 85.46 101.3 123.1 150.5 176.8 194.7 203.5 204.7 203.2
224.5 223.1 215.4 201.5 180.7 156.5 129.6 94.22 58.64 32.63 21.28 28.24 55.14 84.27 101.5 101.5 86.17 60.26 29.11 -1.959 -28.91 -48.74 -59.47 -60.99 -56.88 -50.75 -43.19 -32.98 -14.77 19.74 68.83 117.2 142.5 136.7 111.8 92.14 90.22 99.1 102.2 96.78 89.61 81.4 73.12 62.44 45.91 27.17 14.19 7.667 7.054 8.01 1.915 -13.04 -29.87 -40.09 -39.97 -31.67 -16.49 2.122 18.33 31.12 41.71 49.68 55.65 62.27 70.34 79.14 89.32 102.2 119.1 140.6 165.3 186.3 199.1 203.1 199.9 194.2
221.8 223.8 219.1 204.8 180.8 153.9 131.3 113.3 98.73 88.64 82.66 84.2 97.86 116.4 127.2 124.3 108 82.54 51.13 16.7 -15.78 -42.38 -59.19 -65.49 -65.63 -66.62 -72.23 -85.18 -103 -110.8 -104.4 -89.03 -72.32 -54.67 -30.18 7.166 54.41 92.26 106.2 100.1 89.61 79.22 68.4 54.81 35.07 12.98 -2.656 -6.801 -1.861 5.047 4.154 -4.992 -15.64 -20.98 -18.74 -9.869 3.465 18.74 31.65 41.95 51.42 60.15 67.81 75.52 84.15 93.56 104.5 118.2 135.4 156.5 178.6 196 204.6 203.9 196 185.9
216.5 221.7 220.1 203.5 169.1 131.1 103.8 91.66 93.43 101.5 105.6 107.4 114.2 124.4 129.1 124.1 110.1 88.29 59.89 26.18 -9.01 -38.76 -57.57 -64.43 -65.5 -69.98 -85.45 -118.7 -170.3 -224.9 -269.1 -297.5 -299.3 -262.2 -182.5 -76.7 28.13 102 126.2 113.6 94.64 78.32 63.2 45.99 23.82 1.342 -11.27 -11.32 -2.314 7.834 10.93 6.941 2.264 1.001 4.769 12.93 23.59 34.87 45.12 54.52 63.78 72.92 81.3 89.51 97.98 107.3 118.3 132.1 149.2 170 191.5 207.4 213.2 208.6 195.6 181
206.9 213.3 211.7 187.7 130.8 69.88 25.71 9.552 25.94 60.74 81.36 89.59 95.61 102.2 104.2 100.3 91.2 75.94 53.23 24.15 -8.079 -36.4 -52.92 -57.06 -54.98 -57.28 -75.25 -119.6 -194.1 -283.6 -371.7 -442.2 -472.4 -424.8 -292.2 -119.3 42.09 144.5 167.5 135.1 101.4 77.06 57.26 36.21 13.18 -5.588 -12.61 -7.493 3.877 15.31 20.45 19.98 19.25 20.87 25.65 32.99 41.46 50.57 59.81 69.03 78.36 87.5 95.83 103.8 111.7 120 130.3 143.5 160 180.2 201.4 216.7 220.3 211.8 195.2 178.4
192.8 197.1 189.9 152.6 71.02 -23.01 -90.59 -109.5 -74.19 -17.61 18.99 35.42 43.7 50.57 55.02 56.45 54.89 47.81 34.07 13.72 -10.68 -32.37 -44.39 -44.56 -37.32 -32.4 -43.66 -86.31 -166.9 -272.5 -386.9 -491.7 -546.7 -502.5 -339 -113.4 87.26 196.1 200.3 149.6 101.7 71.18 49.78 25.66 3.612 -10.2 -11.04 -0.4756 14.3 24.79 30.41 32.17 34.09 37.74 43.28 49.9 57.44 66.16 75.59 85.15 94.48 103.1 110.7 118 125.4 132.1 140.9 153 168.3 187 206.8 219.3 219.9 209 191.9 176.4
172.2 173.5 157.8 104.8 0.7022 -118.9 -204.1 -218.4 -171.9 -105.5 -62.35 -41.88 -32.09 -23.11 -13.06 -2.533 6.117 10.08 8.146 0.09143 -13.58 -26.58 -33.07 -30.89 -20.1 -6.991 -6.358 -35.76 -105.6 -208.7 -334 -456.9 -528.2 -489.3 -324.4 -85.37 125.1 221.2 208.1 145.1 92.88 63.58 43.94 20.21 -2.447 -13.22 -8.447 7.331 23.58 33.06 38.66 42.49 46.2 50.96 57.1 63.78 71.54 81.17 92.05 102.3 111.2 118.4 124.7 131.6 139.4 145.8 152.9 163.1 176.1 191.9 206.7 213.1 209.6 198.9 184.9 173.7
146.5 145.7 121.9 54.67 -63.98 -189.2 -270.7 -284.9 -238.4 -174.2 -135.9 -120.8 -114.6 -105.6 -89.78 -68.58 -46.77 -29.87 -18.62 -13.14 -15.8 -21.39 -24.58 -22.22 -10.21 9.262 20.23 6.588 -43.61 -133.2 -253.3 -375.8 -448.2 -418.4 -270.4 -62.93 118.2 203.7 185.6 124.7 80.77 58.37 42.66 20.02 -2.383 -12.34 -4.041 13.44 29.92 39.21 45.22 50.6 55.77 61.07 67.35 74.2 82.66 93.69 106.3 117.1 125 130.2 135.3 143.3 153.2 160.7 166.9 174.2 183.7 193.3 199.6 198.7 192.2 183.4 175.2 170.2
113.3 111.2 82.05 8.447 -107.2 -216.8 -284.8 -296.3 -259.4 -205.7 -177.9 -173.4 -175.9 -170.7 -152.8 -124.2 -92.6 -65.02 -42.68 -25.35 -18.37 -19.39 -22.13 -20.8 -8.997 11 25.7 22.07 -11.02 -80.35 -180.2 -285 -350.9 -331.6 -219 -64.09 72.44 143.7 140.9 99.41 69.05 54.6 42.09 21.67 1.993 -5.15 1.86 16.96 32.09 41.79 49.59 56.94 63.55 69.25 75.08 81.6 90.66 103 116.6 127.5 133.9 137.3 142.1 152.8 166.1 175.5 181.4 186.5 189.2 190.3 188.3 182 174.1 168.3 166.2 167.3
71.76 69.37 41.84 -23.23 -116.7 -203.7 -255.5 -261.4 -232.7 -195.6 -177.8 -181.1 -191.4 -193.1 -179.6 -152.2 -119.2 -87.84 -58.67 -33.82 -21.46 -19.97 -22.54 -22.41 -14.97 -0.8689 10.5 10.09 -10.89 -59.19 -133 -213.7 -267.8 -263.8 -195 -87.43 14.02 75.64 92.39 80.74 62.82 49.87 37.61 20.28 6.025 0.7392 5.185 14.94 27.55 38.74 50.27 61.71 71.41 78.21 83.54 89.46 98.54 111 124.1 133.5 138.2 141.1 147.3 160.7 177.7 189.2 195.3 195.6 190.3 183.1 176.4 168.1 160.9 158.3 160.8 166.1
24 22.33 2.077 -44.15 -108.2 -169 -203.3 -201.7 -176.2 -147.7 -134.4 -139.3 -152.1 -160.5 -156.9 -140.4 -115.9 -88.95 -59.82 -34.67 -22.17 -19.17 -19.55 -22.17 -21.45 -16.6 -13.16 -15.32 -28.92 -60.3 -109.5 -165.1 -204.2 -207.7 -169.1 -96.81 -17.71 41.51 70.33 72.92 59.5 40.91 23.61 9.471 -1.655 -6.391 -3.773 3.073 14.34 29.24 47.13 65.98 81.85 91.91 97.86 102.8 110.4 120.4 130.4 136.6 139.6 143.1 151.8 167.8 186.6 200.1 203.4 197.1 185 173.8 165.4 158.7 154 153.7 158.6 166.3
-26.44 -27.53 -37.43 -59.53 -89.54 -119.9 -134.8 -124.7 -98.01 -70.88 -56.55 -57.56 -68.39 -80.79 -88.72 -88.17 -79.51 -63.91 -43.59 -24.68 -15.43 -11.31 -11.55 -16.35 -21.83 -25.35 -30.72 -37.27 -47.13 -65.93 -95.11 -127 -147.3 -147.9 -124 -74.85 -13.61 38.78 66.44 68.17 49.61 22.25 -1.53 -17.71 -30.23 -36.24 -33.28 -24.24 -8.721 13.19 40.4 69.95 96.07 112.6 120.6 124.1 127.4 132 137.3 140.1 141.4 146.1 157.8 175.8 194.7 205.6 204 191.6 176 164 157.2 153.8 152.2 153.7 159.6 167.6
-71.49 -71.42 -66.69 -61.17 -57.77 -57.07 -51.46 -34.11 -7.583 17.64 33.51 37.3 30.88 18.13 2.734 -10.86 -18.53 -18.65 -11.33 -1.968 3.6 5.429 4.116 -2.96 -12.81 -24.56 -37.92 -48.82 -56.76 -66.53 -79.68 -90.1 -89.94 -82.17 -63.48 -29.47 12.09 46.51 65.22 59.68 33.01 -1.649 -34.03 -59.65 -78.98 -87.61 -82.47 -65.84 -41.28 -9.468 29.08 73.35 113.5 138.6 149.9 151.3 147.1 144.8 147.3 148.4 149.3 155.2 169.1 187.8 203.5 208.4 200.2 183.8 166.9 156.2 152.5 152.2 153.2 156.3 162.7 169.8
-102.5 -98.66 -78.82 -49.4 -17.9 9.439 33.39 56.69 79.06 96.45 106.7 109.5 105.9 96.12 80.33 61.36 44.33 33.2 29.7 30.61 30.13 28.58 24.8 15.52 0.8374 -17.8 -37.11 -51.13 -58.46 -63.16 -65.61 -60.96 -44.97 -27.23 -10.11 11.11 32.43 50.78 60.73 50.79 19.77 -21.82 -66.58 -106.6 -136.5 -149.2 -140.8 -115 -80.29 -38.87 10.4 67.95 122.5 157.3 171.7 169.9 160.9 157.5 161.1 163.3 164.5 170.4 184.4 201.2 211.1 208.4 194 174.9 159.1 150.6 149.4 151.5 154.6 159.1 165.6 171.7
-118.1 -108.7 -80.45 -37.03 12.98 59.13 98.25 126.1 142.1 146.2 142.5 135.6 129.7 123.7 114.1 99.95 84.09 71.94 65.66 62.29 58.52 54.37 48.51 35.78 16.42 -7.142 -30.28 -47.03 -56.03 -60.07 -58.52 -46.65 -22.78 0.468 16 24.9 35.32 47.91 55.29 45.57 14.65 -34.38 -91.4 -144.6 -185 -201.5 -190.8 -160.2 -120.1 -73.1 -17.39 48.42 112.9 156.9 174.1 173.6 169 171.6 179.9 184.3 185.5 190 201.5 213.2 216.5 206.9 188.2 168.3 154.3 148.1 148.1 151.3 155.6 160.8 167 172.9
-122 -110.8 -81.09 -35.75 19.82 76.65 124 153.6 161.6 149.4 126.2 104.5 92.15 88.56 89.5 88.41 84.27 80.72 80.11 80.14 78.45 75.38 68.35 53.08 30.97 5.65 -19.93 -40.23 -53.31 -60.56 -60.66 -49.36 -26.44 -6.126 4.399 10.55 21.24 37.56 50.35 45.6 15.49 -37.55 -102 -162.9 -209.3 -229.7 -221.6 -193.3 -155.2 -109.6 -54.03 13.89 82.11 130 154.3 164.8 172.4 184.9 199.4 206.3 207.7 211 218.4 224 220.9 207.5 187.2 167.4 154.7 149.4 149.4 152.1 156.3 161.5 167.8 174
-123.4 -115.9 -92.53 -53.44 0.2241 59.59 108.1 133.1 130.7 101.3 59.32 22.1 1.901 0.9834 13.7 29.47 42.82 54.4 64.97 73.83 79.1 81.13 76.7 63.5 43.59 19.43 -7.624 -32.08 -50.74 -63.9 -70.03 -66.22 -53.21 -42.57 -34.71 -22.76 -2.636 22.88 45.15 47.17 21.69 -29.78 -94.44 -156.6 -204.1 -228.8 -228.2 -209.9 -181.9 -144.3 -94.32 -29.35 36.79 87.32 123.7 151.7 173.1 195.1 214.8 224.3 226.9 229.1 232.6 232.7 225.9 211.4 192.5 174.3 162 156 154.4 155.3 158.2 162.9 168.8 175.2
-129 -128.8 -117.1 -86.32 -36.98 18.39 59.41 72.74 54.96 11.88 -41.87 -87.56 -110.7 -107.3 -84.41 -55.05 -26.17 -0.1806 22.13 40.22 54.77 64.5 67.74 62.87 49.87 28.94 2.229 -25.07 -49.31 -68.7 -82.46 -89.76 -91.19 -88.76 -79.69 -60.61 -30.3 4.621 33.88 46.51 33.89 -6.004 -63.15 -120.6 -166.8 -195.1 -207.4 -208.5 -198.3 -173.2 -129.6 -68.07 -1.767 55.51 103.6 143.5 175.2 202.1 224.2 236.2 240.5 242.6 243.5 241.1 233.8 221.4 205.8 190.4 177.7 169.4 164.8 163.1 164.2 167.4 172 177.5
-139.2 -147.5 -146 -124.5 -83.4 -37.45 -10.3 -15.61 -50.35 -103 -157 -196.9 -212.5 -202.3 -172.6 -136.6 -100.9 -68.39 -39.92 -14.45 8.619 27.52 40.46 46.17 41.71 26.14 1.959 -25.24 -51.8 -75.08 -94.52 -110.5 -121.5 -122.7 -112 -89 -56.24 -18.48 17.47 45.64 55.35 36.86 -5.529 -56.03 -98.56 -130.5 -162 -191.9 -205.6 -194.6 -153.8 -83.11 -4.261 61.54 113.2 154.4 185.6 210.2 230.1 243.3 250.3 254.4 256.2 254.5 249.4 240.7 228.7 214.7 200.6 188.7 180.5 176.3 175.8 177.3 179.7 183.3
-153.3 -168.2 -174.5 -163.9 -136.4 -104.8 -94.26 -117.3 -165.7 -220.2 -263.1 -284.3 -282.7 -261.5 -228.9 -193.8 -161.2 -131.4 -103.1 -74.64 -47.1 -22.55 -2.67 9.883 12.8 4.025 -15.28 -39 -63.73 -87.16 -108 -126.5 -139.7 -140.6 -128.6 -107.1 -79.61 -43.18 2.597 52.43 90.34 97.91 71.85 29.94 -9.077 -38.89 -95.86 -166.5 -204.4 -205.9 -163.8 -61.79 45.81 112 156.8 187.9 206.8 222 237 250 259.8 268.3 274.3 276.2 274.6 269.4 258.5 242.7 225.2 209.8 199.2 194.1 193.5 194.1 194.1 194.7
-169.9 -189.1 -203.1 -204.7 -193.8 -180.1 -184.2 -216.1 -266.2 -311.9 -334.9 -331.3 -308.5 -277.2 -245.4 -218.7 -196.1 -174.3 -150.5 -124.4 -97.98 -74.33 -54.77 -40.64 -34 -36.83 -49.4 -68.06 -89.23 -109.7 -127.1 -141 -148.5 -144.9 -132.9 -116.9 -95.54 -60.7 -5.753 66 131.4 162 150.8 115 78.36 49.54 -19.76 -125.6 -183.9 -193.2 -128.5 20.46 148.3 199.3 230.8 243.9 238.1 238.1 247.3 259.1 270.7 285.7 300.1 308.8 311.7 307.3 291.2 268.9 246.9 229.2 218.7 215.5 216.6 216.9 214.4 211.4
-185.6 -208.3 -230.1 -245 -252.2 -257.8 -272.9 -301.8 -337.2 -362 -361.7 -335.2 -296.3 -259 -231.9 -216 -204.7 -191.1 -174.3 -154.3 -133.7 -117.2 -103.9 -93.19 -86.97 -87.02 -94.95 -110.1 -128.9 -146.4 -157.5 -161.1 -157.6 -147.9 -136.8 -125.1 -107.7 -72.27 -10 74.48 156.7 204.6 203.7 172.5 138.3 112.1 44.19 -67.1 -144.1 -138.1 -38.34 131.2 252.9 293.7 308.6 294 263.4 251.6 257.3 269.1 283.7 307.7 334.5 352.7 359.3 348.8 319.4 287.4 262.5 244.7 236.5 236.4 239.7 240.4 236.4 230
-200.9 -224.6 -252.2 -278.9 -304 -327.1 -346.1 -361.4 -371.2 -367.3 -344.9 -307.8 -264 -227 -205.6 -197.4 -192.9 -185.8 -175.4 -162.5 -149.8 -142 -137.4 -133.4 -131 -132.9 -142.2 -159.4 -179.8 -196 -201.2 -194.5 -179.9 -164.4 -151.5 -140 -122 -83.05 -17 67.8 151.3 206.3 214.3 189.6 161.3 142.9 86.3 -10.5 -61.11 -35.24 72.06 223.9 332.5 361.3 353.9 317.5 275.2 259.4 263.7 275.8 294.6 326.9 365.9 393.8 398.8 376 333.9 295.8 270.6 255.3 249.4 251.1 255 255.9 251.2 242.1
-211.9 -233 -260.8 -294.3 -331.1 -364.8 -383 -380.6 -362.6 -333.3 -298.8 -262.9 -225.8 -194.1 -176.4 -171.2 -170 -166.6 -160.7 -152.7 -146.4 -145.7 -148.1 -151.1 -156 -165.2 -182 -207.5 -234.2 -252.6 -255 -241.6 -218.8 -196.1 -177.8 -161.4 -137.8 -95.97 -33.77 41.57 115.3 167.7 184.2 172.8 156.3 149.9 109.1 51.66 50.66 91.06 161.8 286.7 372 377 354.6 313.1 271.9 257.6 262.3 275.9 298.8 338.1 384.3 414.5 413.6 381.9 334.5 296 273.1 260.7 256.1 256.3 257.2 256.2 250.8 240.3
-212.8 -227.7 -251.2 -284.5 -324.3 -359.7 -373.7 -357.7 -320.7 -281 -245.8 -217.4 -191.3 -166.4 -149.1 -144.5 -145.1 -144.2 -140.7 -134.3 -129.5 -130.9 -136.2 -145.1 -160.4 -180.6 -207.2 -242.2 -278.2 -302 -305.4 -290.4 -264.1 -235.8 -209.8 -184.5 -152.5 -110.1 -57 3.099 62.77 109.6 134.1 140.8 143.1 146.7 135.4 126.5 152.8 184.2 230.8 309.2 359.7 345.9 320.7 288.2 255.8 246.7 254.2 269.9 296 338.2 382.1 405.1 399.8 369.1 324.7 290.4 271.7 261.1 255.2 250.1 244.3 239.2 232.4 222.6
-200.9 -208.3 -224.6 -251.7 -286.1 -316.6 -325.1 -304.5 -267.1 -230.3 -202.6 -183.3 -164.1 -141.6 -125 -121.1 -123.4 -125.1 -123.2 -116.4 -108.7 -106.4 -111.7 -126.1 -150.2 -179.8 -214.4 -256.4 -298.8 -328.9 -336.3 -325.2 -301 -271 -238.2 -201.6 -158.7 -114.2 -69.51 -24.24 21.64 63.73 96.03 121.1 142.6 161.8 176.8 194 216.3 237.4 262 294.2 307.3 295.1 274.8 252.6 234.1 233.7 244.9 262.4 289.1 326 358.8 372.9 366.6 342.8 308.3 281.4 266.8 256.7 246.7 234.3 220.5 209.3 200.2 192.6
